LogUtils.java, TRACE, Configuration{ C:\Workspace\CBF-2.5.6/Resources/MasterConfig.xml }|Loading configuration from |C:\Workspace\CBF-2.5.6/Resources/MasterConfig.xml
LogUtils.java, TRACE, Configuration{ C:\Workspace\CBF-2.5.6/Resources/MasterConfig.xml }|Variable added |ExcelTestCaseAccess|{ classname = cbf.testAccess.ExcelAccess , parameters = {enableStepSelection=TBD, folderpath=, enableIterationSelection=TBD} }
LogUtils.java, TRACE, Configuration{ C:\Workspace\CBF-2.5.6/Resources/MasterConfig.xml }|Variable added |DesignerTestCaseAccess|{ classname = cbf.testAccess.DesignerAccess , parameters = {password=sprint123, projectname=TBD, url=http://10.51.25.13:8085/api, username=sprint} }
LogUtils.java, TRACE, Configuration{ C:\Workspace\CBF-2.5.6/Resources/MasterConfig.xml }|Variable added |ExcelDataAccess|{ classname = cbf.data.ExcelAccess , parameters = {folderpath=} }
LogUtils.java, TRACE, Configuration{ C:\Workspace\CBF-2.5.6/Resources/MasterConfig.xml }|Variable added |DBDataAccess|{ classname = cbf.data.DbAccess , parameters = {password=root@123, classname=sun.jdbc.odbc.JdbcOdbcDriver, dbname=TBD, userID=root, url=jdbc:odbc:Driver={Microsoft Access Driver (*.mdb, *.accdb)}} }
LogUtils.java, TRACE, Configuration{ C:\Workspace\CBF-2.5.6/Resources/MasterConfig.xml }|Variable added |ResultEventLogger|{ classname = cbf.reporting.ResultEventLogger , parameters = {filepath=} }
LogUtils.java, TRACE, Configuration{ C:\Workspace\CBF-2.5.6/Resources/MasterConfig.xml }|Variable added |ScreenDump|{ classname = cbf.reporting.ScreenDumpManager , parameters = {folderpath=, pattern=} }
LogUtils.java, TRACE, Configuration{ C:\Workspace\CBF-2.5.6/Resources/MasterConfig.xml }|Variable added |ExcelReport|{ classname = cbf.reporting.ExcelReporter , parameters = {filepath=, pattern=} }
LogUtils.java, TRACE, Configuration{ C:\Workspace\CBF-2.5.6/Resources/MasterConfig.xml }|Variable added |HtmlEvent|{ classname = cbf.reporting.HtmlEventReporter , parameters = {detailsPath=, pattern=, summaryPath=} }
LogUtils.java, TRACE, Configuration{ C:\Workspace\CBF-2.5.6/Resources/MasterConfig.xml }|Variable added |AlmReporter|{ classname = cbf.reporting.AlmReporter , parameters = {password=bb@4739, login_name=826949, domain=TESTAUTO, project=TESTAUTO, url=http://gnrgdcdt00144:8080/qcbin/} }
LogUtils.java, TRACE, Configuration{ C:\Workspace\CBF-2.5.6/Resources/MasterConfig.xml }|Variable added |JenkinsScreenDump|{ classname = cbf.reporting.ScreenDumpManager , parameters = {folderpath=, pattern=_${Node_Label}.${Browser}.${UniqueUtils.uniqueDate()}.${Browser}} }
LogUtils.java, TRACE, Configuration{ C:\Workspace\CBF-2.5.6/Resources/MasterConfig.xml }|Variable added |JenkinsExcelReport|{ classname = cbf.reporting.ExcelReporter , parameters = {filepath=, pattern=_${Node_Label}.${Browser}.${UniqueUtils.uniqueDate()}.${Browser}} }
LogUtils.java, TRACE, Configuration{ C:\Workspace\CBF-2.5.6/Resources/MasterConfig.xml }|Variable added |JenkinsHtmlEvent|{ classname = cbf.reporting.HtmlEventReporter , parameters = {detailsPath=, pattern=_${Node_Label}.${Browser}.${UniqueUtils.uniqueDate()}, summaryPath=} }
LogUtils.java, TRACE, Configuration{ C:\Workspace\CBF-2.5.6/Resources/MasterConfig.xml }|Variable added |JenkinsResultEventLogger|{ classname = cbf.reporting.ResultEventLogger , parameters = {filepath=, pattern=_${Node_Label}.${Browser}.${UniqueUtils.uniqueDate()}} }
LogUtils.java, TRACE, Configuration{ C:\Workspace\CBF-2.5.6/Resources/MasterConfig.xml }|Variable added |EmailAlert|{ classname = cbf.reporting.EmailAlerter , parameters = {detailsPath=, summaryPath=} }
LogUtils.java, TRACE, Configuration{ C:\Workspace\CBF-2.5.6/Resources/MasterConfig.xml }|Variable added |TestLink|{ classname = cbf.reporting.TestLinkReporter , parameters = {devkey=7262833d005078a8d884181148d3bd5f, url=http://10.212.21.188:80/testlink/lib/api/xmlrpc/v1/xmlrpc.php} }
LogUtils.java, TRACE, Configuration{ C:\Workspace\CBF-2.5.6/Resources/MasterConfig.xml }|Variable added |IE|{ classname = cbfx.selenium.browsers.IE , parameters = {browserdriver=TBD} }
LogUtils.java, TRACE, Configuration{ C:\Workspace\CBF-2.5.6/Resources/MasterConfig.xml }|Variable added |CHROME|{ classname = cbfx.selenium.browsers.Chrome , parameters = {browserdriver=TBD} }
LogUtils.java, TRACE, Configuration{ C:\Workspace\CBF-2.5.6/Resources/MasterConfig.xml }|Variable added |FIREFOX|{ classname = cbfx.selenium.browsers.Firefox , parameters = {} }
LogUtils.java, TRACE, Configuration{ C:\Workspace\CBF-2.5.6/Resources/MasterConfig.xml }|Variable added |EggPlant|{ classname = cbfx.selenium.EggUIDriver , parameters = {password=igate, port=5901, suitepath=D:/Workspace/CBF-2.4.0-EggPlant/Test/Sample_EggPlant/Plan/AppDriver/OR/eggplant.suite, url=10.212.21.28} }
LogUtils.java, TRACE, Configuration{ C:\Workspace\CBF-2.5.6/Resources/MasterConfig.xml }|Variable added |ExcelTestSetAccess|{ classname = cbf.testAccess.ExcelTestSetAccess , parameters = {folderpath=} }
LogUtils.java, TRACE, Configuration{ C:\Workspace\CBF-2.5.6/Resources/MasterConfig.xml }|Variable added |XmlTestSetAccess|{ classname = cbf.testAccess.XmlTestSetAccess , parameters = {folderpath=TBD, designerFolder=} }
LogUtils.java, TRACE, Configuration{ C:\Workspace\CBF-2.5.6/Resources/MasterConfig.xml }|Variable added |AlmTestSetAccess|{ classname = cbf.testAccess.AlmTestSetAccess , parameters = {domain=TESTAUTO, project=TESTAUTO, url=http://gnrgdcdt00144:8080/qcbin/} }
LogUtils.java, TRACE, Configuration{ C:\Workspace\CBF-2.5.6/Resources/MasterConfig.xml }|Variable added |ExcelMap|{ classname = cbfx.selenium.ExcelObjectMap }
LogUtils.java, TRACE, Configuration{ C:\Workspace\CBF-2.5.6/Resources/MasterConfig.xml }|Variable added |DesignerMap|{ classname = cbfx.selenium.DesignerObjectMap }
LogUtils.java, TRACE, ReportingManager{ Configuration{ C:\Workspace\CBF-2.5.6\Test\Sample1\Plan\ExcelConfig.xml } }|Reporter selected: |ScreenDumpManager{ {folderpath=, pattern=} }
LogUtils.java, TRACE, ReportingManager{ Configuration{ C:\Workspace\CBF-2.5.6\Test\Sample1\Plan\ExcelConfig.xml } }|Reporter selected: |HtmlEventReporter{ {detailsPath=, pattern=, summaryPath=} }
LogUtils.java, TRACE, ReportingManager{ Configuration{ C:\Workspace\CBF-2.5.6\Test\Sample1\Plan\ExcelConfig.xml } }|Reporter selected: |ExcelReporter{ C:\Workspace\CBF-2.5.6\Logs\ExecutedOn_31-08-2017_Time_06-10-28/ExecutionReport.xls }
LogUtils.java, TRACE, ReportingManager{ Configuration{ C:\Workspace\CBF-2.5.6\Test\Sample1\Plan\ExcelConfig.xml } }|Reporter selected: |ResultEventLogger{ C:\Workspace\CBF-2.5.6\Logs\ExecutedOn_31-08-2017_Time_06-10-28/Events.xml }
LogUtils.java, TRACE, ReportingManager{ Configuration{ C:\Workspace\CBF-2.5.6\Test\Sample1\Plan\ExcelConfig.xml } }|opened reporter: |ScreenDumpManager{ {folderpath=, pattern=} }
LogUtils.java, TRACE, ReportingManager{ Configuration{ C:\Workspace\CBF-2.5.6\Test\Sample1\Plan\ExcelConfig.xml } }|opened reporter: |HtmlEventReporter{ {detailsPath=, pattern=, summaryPath=} }
LogUtils.java, TRACE, ExcelReporter{ C:\Workspace\CBF-2.5.6\Logs\ExecutedOn_31-08-2017_Time_06-10-28/ExecutionReport.xls }|Report: open
LogUtils.java, TRACE, ReportingManager{ Configuration{ C:\Workspace\CBF-2.5.6\Test\Sample1\Plan\ExcelConfig.xml } }|opened reporter: |ExcelReporter{ C:\Workspace\CBF-2.5.6\Logs\ExecutedOn_31-08-2017_Time_06-10-28/ExecutionReport.xls }
LogUtils.java, TRACE, ResultEventLogger{ C:\Workspace\CBF-2.5.6\Logs\ExecutedOn_31-08-2017_Time_06-10-28/Events.xml }|Report: open
LogUtils.java, TRACE, ReportingManager{ Configuration{ C:\Workspace\CBF-2.5.6\Test\Sample1\Plan\ExcelConfig.xml } }|opened reporter: |ResultEventLogger{ C:\Workspace\CBF-2.5.6\Logs\ExecutedOn_31-08-2017_Time_06-10-28/Events.xml }
LogUtils.java, TRACE, ExcelReporter{ C:\Workspace\CBF-2.5.6\Logs\ExecutedOn_31-08-2017_Time_06-10-28/ExecutionReport.xls }|Report:START:TestResult{  }:CustomerPortal_AllOrders
LogUtils.java, TRACE, ResultEventLogger{ C:\Workspace\CBF-2.5.6\Logs\ExecutedOn_31-08-2017_Time_06-10-28/Events.xml }|Report:START:TestResult{  }:CustomerPortal_AllOrders
LogUtils.java, TRACE, TestSetRunner{ cbf.harness.Harness@34a245ab }|GetTestCase(), instanceMap
LogUtils.java, TRACE, ExcelAccess{ {enableStepSelection=true, folderpath=, enableIterationSelection=true} }|getTestCase()
LogUtils.java, TRACE, ExcelAccess{ {enableStepSelection=true, folderpath=, enableIterationSelection=true} }|DeserializeTest(CustomerPortal_AllOrders;C:\Workspace\CBF-2.5.6\Test\Sample1/Plan/TestCases/CustomerPortal_AllOrders.xls)
LogUtils.java, TRACE, ExcelAccess{ {folderpath=} }|SelectRows(CustomerPortal_AllOrders-LaunchApp-testdata1)
LogUtils.java, TRACE, ExcelAccess{ {folderpath=} }|TryFilePath(CustomerPortal_AllOrders-LaunchApp.xlsx)
LogUtils.java, TRACE, ExcelAccess{ {folderpath=} }|Data file LaunchApp.xlsx does not exists. |C:\Workspace\CBF-2.5.6\Test\Sample1/Plan/Data/CustomerPortal_AllOrders/LaunchApp.xlsx|Plan/Data/CustomerPortal_AllOrders
LogUtils.java, TRACE, ExcelAccess{ {folderpath=} }|TryFilePath(-CustomerPortal_AllOrdersData.xls)
LogUtils.java, TRACE, ExcelAccess{ {folderpath=} }|TryFilePath(-CustomerPortal_AllOrdersData.xls)=C:\Workspace\CBF-2.5.6\Test\Sample1/Plan/Data/CustomerPortal_AllOrdersData.xls
LogUtils.java, TRACE, ExcelAccess{ {folderpath=} }|SelectRows(CustomerPortal_AllOrders-References-)
LogUtils.java, TRACE, ExcelAccess{ {folderpath=} }|TryFilePath(CustomerPortal_AllOrders-References.xlsx)
LogUtils.java, TRACE, ExcelAccess{ {folderpath=} }|Data file References.xlsx does not exists. |C:\Workspace\CBF-2.5.6\Test\Sample1/Plan/Data/CustomerPortal_AllOrders/References.xlsx|Plan/Data/CustomerPortal_AllOrders
LogUtils.java, TRACE, ExcelAccess{ {folderpath=} }|TryFilePath(-CustomerPortal_AllOrdersData.xls)
LogUtils.java, TRACE, ExcelAccess{ {folderpath=} }|TryFilePath(-CustomerPortal_AllOrdersData.xls)=C:\Workspace\CBF-2.5.6\Test\Sample1/Plan/Data/CustomerPortal_AllOrdersData.xls
LogUtils.java, TRACE, ExcelDeserializer{ ExcelAccess{ {folderpath=} }DTAccess{ C:\Workspace\CBF-2.5.6\Test\Sample1/Plan/TestCases/CustomerPortal_AllOrders.xls }CustomerPortal_AllOrdersC:\Workspace\CBF-2.5.6\Test\Sample1/Plan/TestCases/CustomerPortal_AllOrders.xls{enableStepSelection=true, folderpath=, enableIterationSelection=true} }|Step added:{ moduleCode = CustomerPortal_AllOrders ; offlineRowId = testdata1 ; componentCode = LaunchApp ; stepName = LaunchApp ; abortTestIfUnexpected =  ; inlineRowId =  ; _selectYN = Yes ; parameters =  }:#0
LogUtils.java, TRACE, ExcelAccess{ {folderpath=} }|SelectRows(CustomerPortal_AllOrders-Transaction-testdata1)
LogUtils.java, TRACE, ExcelAccess{ {folderpath=} }|TryFilePath(CustomerPortal_AllOrders-Transaction.xlsx)
LogUtils.java, TRACE, ExcelAccess{ {folderpath=} }|Data file Transaction.xlsx does not exists. |C:\Workspace\CBF-2.5.6\Test\Sample1/Plan/Data/CustomerPortal_AllOrders/Transaction.xlsx|Plan/Data/CustomerPortal_AllOrders
LogUtils.java, TRACE, ExcelAccess{ {folderpath=} }|TryFilePath(-CustomerPortal_AllOrdersData.xls)
LogUtils.java, TRACE, ExcelAccess{ {folderpath=} }|TryFilePath(-CustomerPortal_AllOrdersData.xls)=C:\Workspace\CBF-2.5.6\Test\Sample1/Plan/Data/CustomerPortal_AllOrdersData.xls
LogUtils.java, ERROR, ExcelAccess{ {folderpath=} }|Error: Sheet Transaction doesn't exists in the file CustomerPortal_AllOrdersData.xls|
LogUtils.java,  INFO, TestResultTracker{ [ScreenDumpManager{ {folderpath=, pattern=} }, HtmlEventReporter{ {detailsPath=, pattern=, summaryPath=} }, ExcelReporter{ C:\Workspace\CBF-2.5.6\Logs\ExecutedOn_31-08-2017_Time_06-10-28/ExecutionReport.xls }, ResultEventLogger{ C:\Workspace\CBF-2.5.6\Logs\ExecutedOn_31-08-2017_Time_06-10-28/Events.xml }] }|START : runTest
LogUtils.java, TRACE, TestSetRunner{ cbf.harness.Harness@34a245ab }|GetTestCase(), instanceMap
LogUtils.java, TRACE, ExcelAccess{ {enableStepSelection=true, folderpath=, enableIterationSelection=true} }|getTestCase()
LogUtils.java, TRACE, ExcelAccess{ {enableStepSelection=true, folderpath=, enableIterationSelection=true} }|DeserializeTest(CustomerPortal_AllOrders;C:\Workspace\CBF-2.5.6\Test\Sample1/Plan/TestCases/CustomerPortal_AllOrders.xls)
LogUtils.java, TRACE, ExcelAccess{ {folderpath=} }|SelectRows(CustomerPortal_AllOrders-LaunchApp-testdata1)
LogUtils.java, TRACE, ExcelAccess{ {folderpath=} }|TryFilePath(CustomerPortal_AllOrders-LaunchApp.xlsx)
LogUtils.java, TRACE, ExcelAccess{ {folderpath=} }|Data file LaunchApp.xlsx does not exists. |C:\Workspace\CBF-2.5.6\Test\Sample1/Plan/Data/CustomerPortal_AllOrders/LaunchApp.xlsx|Plan/Data/CustomerPortal_AllOrders
LogUtils.java, TRACE, ExcelAccess{ {folderpath=} }|TryFilePath(-CustomerPortal_AllOrdersData.xls)
LogUtils.java, TRACE, ExcelAccess{ {folderpath=} }|TryFilePath(-CustomerPortal_AllOrdersData.xls)=C:\Workspace\CBF-2.5.6\Test\Sample1/Plan/Data/CustomerPortal_AllOrdersData.xls
LogUtils.java, TRACE, ExcelAccess{ {folderpath=} }|SelectRows(CustomerPortal_AllOrders-References-)
LogUtils.java, TRACE, ExcelAccess{ {folderpath=} }|TryFilePath(CustomerPortal_AllOrders-References.xlsx)
LogUtils.java, TRACE, ExcelAccess{ {folderpath=} }|Data file References.xlsx does not exists. |C:\Workspace\CBF-2.5.6\Test\Sample1/Plan/Data/CustomerPortal_AllOrders/References.xlsx|Plan/Data/CustomerPortal_AllOrders
LogUtils.java, TRACE, ExcelAccess{ {folderpath=} }|TryFilePath(-CustomerPortal_AllOrdersData.xls)
LogUtils.java, TRACE, ExcelAccess{ {folderpath=} }|TryFilePath(-CustomerPortal_AllOrdersData.xls)=C:\Workspace\CBF-2.5.6\Test\Sample1/Plan/Data/CustomerPortal_AllOrdersData.xls
LogUtils.java, TRACE, ExcelDeserializer{ ExcelAccess{ {folderpath=} }DTAccess{ C:\Workspace\CBF-2.5.6\Test\Sample1/Plan/TestCases/CustomerPortal_AllOrders.xls }CustomerPortal_AllOrdersC:\Workspace\CBF-2.5.6\Test\Sample1/Plan/TestCases/CustomerPortal_AllOrders.xls{enableStepSelection=true, folderpath=, enableIterationSelection=true} }|Step added:{ moduleCode = CustomerPortal_AllOrders ; offlineRowId = testdata1 ; componentCode = LaunchApp ; stepName = LaunchApp ; abortTestIfUnexpected =  ; inlineRowId =  ; _selectYN = Yes ; parameters =  }:#0
LogUtils.java, TRACE, ExcelAccess{ {folderpath=} }|SelectRows(CustomerPortal_AllOrders-Transaction-testdata1)
LogUtils.java, TRACE, ExcelAccess{ {folderpath=} }|TryFilePath(CustomerPortal_AllOrders-Transaction.xlsx)
LogUtils.java, TRACE, ExcelAccess{ {folderpath=} }|Data file Transaction.xlsx does not exists. |C:\Workspace\CBF-2.5.6\Test\Sample1/Plan/Data/CustomerPortal_AllOrders/Transaction.xlsx|Plan/Data/CustomerPortal_AllOrders
LogUtils.java, TRACE, ExcelAccess{ {folderpath=} }|TryFilePath(-CustomerPortal_AllOrdersData.xls)
LogUtils.java, TRACE, ExcelAccess{ {folderpath=} }|TryFilePath(-CustomerPortal_AllOrdersData.xls)=C:\Workspace\CBF-2.5.6\Test\Sample1/Plan/Data/CustomerPortal_AllOrdersData.xls
LogUtils.java, ERROR, ExcelAccess{ {folderpath=} }|Error: Sheet Transaction doesn't exists in the file CustomerPortal_AllOrdersData.xls|
LogUtils.java,  INFO, TestResultTracker{ [ScreenDumpManager{ {folderpath=, pattern=} }, HtmlEventReporter{ {detailsPath=, pattern=, summaryPath=} }, ExcelReporter{ C:\Workspace\CBF-2.5.6\Logs\ExecutedOn_31-08-2017_Time_06-10-28/ExecutionReport.xls }, ResultEventLogger{ C:\Workspace\CBF-2.5.6\Logs\ExecutedOn_31-08-2017_Time_06-10-28/Events.xml }] }|FINISH : runTest STATUS : DONE
LogUtils.java, ERROR, HtmlEventReporter{ {detailsPath=, pattern=, summaryPath=} }|Error: Error in HTML reporting|java.lang.NullPointerException
LogUtils.java, ERROR, HtmlEventReporter{ {detailsPath=, pattern=, summaryPath=} }|Error in HTML reporting|cbf.reporting.HtmlEventReporter.calculateDuration(HtmlEventReporter.java:429)cbf.reporting.HtmlEventReporter.writeTestSet(HtmlEventReporter.java:134)cbf.reporting.HtmlEventReporter.report(HtmlEventReporter.java:221)cbf.reporting.HtmlEventReporter.finish(HtmlEventReporter.java:125)cbf.engine.TestResultTracker.finish(TestResultTracker.java:197)cbf.engine.TestResultTracker.track(TestResultTracker.java:145)cbf.engine.TestCaseRunner.runTestCase(TestCaseRunner.java:84)cbf.engine.Engine.runTestCase(Engine.java:41)cbf.harness.Harness.runTest(Harness.java:77)cbf.harness.TestSetRunner.runTestInstance(TestSetRunner.java:111)cbf.harness.TestSetRunner.runTestSet(TestSetRunner.java:80)cbf.harness.TestSetRunner.run(TestSetRunner.java:46)cbf.harness.Main.main(Main.java:47)
LogUtils.java, ERROR, TestSetRunner{ cbf.harness.Harness@34a245ab }|Error: Unknown error during testinstance execution |FrameworkException{ Error: Error in HTML reporting|java.lang.NullPointerExceptionjava.lang.NullPointerException }| |0| |{ folderPath =  , instanceName = CustomerPortal_AllOrders }
