LogUtils.java, TRACE, Configuration{ C:\Workspace\CBF-2.5.6/Resources/MasterConfig.xml }|Loading configuration from |C:\Workspace\CBF-2.5.6/Resources/MasterConfig.xml
LogUtils.java, TRACE, Configuration{ C:\Workspace\CBF-2.5.6/Resources/MasterConfig.xml }|Variable added |ExcelTestCaseAccess|{ classname = cbf.testAccess.ExcelAccess , parameters = {enableStepSelection=TBD, folderpath=, enableIterationSelection=TBD} }
LogUtils.java, TRACE, Configuration{ C:\Workspace\CBF-2.5.6/Resources/MasterConfig.xml }|Variable added |DesignerTestCaseAccess|{ classname = cbf.testAccess.DesignerAccess , parameters = {password=sprint123, projectname=TBD, url=http://10.51.25.13:8085/api, username=sprint} }
LogUtils.java, TRACE, Configuration{ C:\Workspace\CBF-2.5.6/Resources/MasterConfig.xml }|Variable added |ExcelDataAccess|{ classname = cbf.data.ExcelAccess , parameters = {folderpath=} }
LogUtils.java, TRACE, Configuration{ C:\Workspace\CBF-2.5.6/Resources/MasterConfig.xml }|Variable added |DBDataAccess|{ classname = cbf.data.DbAccess , parameters = {password=root@123, classname=sun.jdbc.odbc.JdbcOdbcDriver, dbname=TBD, userID=root, url=jdbc:odbc:Driver={Microsoft Access Driver (*.mdb, *.accdb)}} }
LogUtils.java, TRACE, Configuration{ C:\Workspace\CBF-2.5.6/Resources/MasterConfig.xml }|Variable added |ResultEventLogger|{ classname = cbf.reporting.ResultEventLogger , parameters = {filepath=} }
LogUtils.java, TRACE, Configuration{ C:\Workspace\CBF-2.5.6/Resources/MasterConfig.xml }|Variable added |ScreenDump|{ classname = cbf.reporting.ScreenDumpManager , parameters = {folderpath=, pattern=} }
LogUtils.java, TRACE, Configuration{ C:\Workspace\CBF-2.5.6/Resources/MasterConfig.xml }|Variable added |ExcelReport|{ classname = cbf.reporting.ExcelReporter , parameters = {filepath=, pattern=} }
LogUtils.java, TRACE, Configuration{ C:\Workspace\CBF-2.5.6/Resources/MasterConfig.xml }|Variable added |HtmlEvent|{ classname = cbf.reporting.HtmlEventReporter , parameters = {detailsPath=, pattern=, summaryPath=} }
LogUtils.java, TRACE, Configuration{ C:\Workspace\CBF-2.5.6/Resources/MasterConfig.xml }|Variable added |AlmReporter|{ classname = cbf.reporting.AlmReporter , parameters = {password=bb@4739, login_name=826949, domain=TESTAUTO, project=TESTAUTO, url=http://gnrgdcdt00144:8080/qcbin/} }
LogUtils.java, TRACE, Configuration{ C:\Workspace\CBF-2.5.6/Resources/MasterConfig.xml }|Variable added |JenkinsScreenDump|{ classname = cbf.reporting.ScreenDumpManager , parameters = {folderpath=, pattern=_${Node_Label}.${Browser}.${UniqueUtils.uniqueDate()}.${Browser}} }
LogUtils.java, TRACE, Configuration{ C:\Workspace\CBF-2.5.6/Resources/MasterConfig.xml }|Variable added |JenkinsExcelReport|{ classname = cbf.reporting.ExcelReporter , parameters = {filepath=, pattern=_${Node_Label}.${Browser}.${UniqueUtils.uniqueDate()}.${Browser}} }
LogUtils.java, TRACE, Configuration{ C:\Workspace\CBF-2.5.6/Resources/MasterConfig.xml }|Variable added |JenkinsHtmlEvent|{ classname = cbf.reporting.HtmlEventReporter , parameters = {detailsPath=, pattern=_${Node_Label}.${Browser}.${UniqueUtils.uniqueDate()}, summaryPath=} }
LogUtils.java, TRACE, Configuration{ C:\Workspace\CBF-2.5.6/Resources/MasterConfig.xml }|Variable added |JenkinsResultEventLogger|{ classname = cbf.reporting.ResultEventLogger , parameters = {filepath=, pattern=_${Node_Label}.${Browser}.${UniqueUtils.uniqueDate()}} }
LogUtils.java, TRACE, Configuration{ C:\Workspace\CBF-2.5.6/Resources/MasterConfig.xml }|Variable added |EmailAlert|{ classname = cbf.reporting.EmailAlerter , parameters = {detailsPath=, summaryPath=} }
LogUtils.java, TRACE, Configuration{ C:\Workspace\CBF-2.5.6/Resources/MasterConfig.xml }|Variable added |TestLink|{ classname = cbf.reporting.TestLinkReporter , parameters = {devkey=7262833d005078a8d884181148d3bd5f, url=http://10.212.21.188:80/testlink/lib/api/xmlrpc/v1/xmlrpc.php} }
LogUtils.java, TRACE, Configuration{ C:\Workspace\CBF-2.5.6/Resources/MasterConfig.xml }|Variable added |IE|{ classname = cbfx.selenium.browsers.IE , parameters = {browserdriver=TBD} }
LogUtils.java, TRACE, Configuration{ C:\Workspace\CBF-2.5.6/Resources/MasterConfig.xml }|Variable added |CHROME|{ classname = cbfx.selenium.browsers.Chrome , parameters = {browserdriver=TBD} }
LogUtils.java, TRACE, Configuration{ C:\Workspace\CBF-2.5.6/Resources/MasterConfig.xml }|Variable added |FIREFOX|{ classname = cbfx.selenium.browsers.Firefox , parameters = {} }
LogUtils.java, TRACE, Configuration{ C:\Workspace\CBF-2.5.6/Resources/MasterConfig.xml }|Variable added |EggPlant|{ classname = cbfx.selenium.EggUIDriver , parameters = {password=igate, port=5901, suitepath=D:/Workspace/CBF-2.4.0-EggPlant/Test/Sample_EggPlant/Plan/AppDriver/OR/eggplant.suite, url=10.212.21.28} }
LogUtils.java, TRACE, Configuration{ C:\Workspace\CBF-2.5.6/Resources/MasterConfig.xml }|Variable added |ExcelTestSetAccess|{ classname = cbf.testAccess.ExcelTestSetAccess , parameters = {folderpath=} }
LogUtils.java, TRACE, Configuration{ C:\Workspace\CBF-2.5.6/Resources/MasterConfig.xml }|Variable added |XmlTestSetAccess|{ classname = cbf.testAccess.XmlTestSetAccess , parameters = {folderpath=TBD, designerFolder=} }
LogUtils.java, TRACE, Configuration{ C:\Workspace\CBF-2.5.6/Resources/MasterConfig.xml }|Variable added |AlmTestSetAccess|{ classname = cbf.testAccess.AlmTestSetAccess , parameters = {domain=TESTAUTO, project=TESTAUTO, url=http://gnrgdcdt00144:8080/qcbin/} }
LogUtils.java, TRACE, Configuration{ C:\Workspace\CBF-2.5.6/Resources/MasterConfig.xml }|Variable added |ExcelMap|{ classname = cbfx.selenium.ExcelObjectMap }
LogUtils.java, TRACE, Configuration{ C:\Workspace\CBF-2.5.6/Resources/MasterConfig.xml }|Variable added |DesignerMap|{ classname = cbfx.selenium.DesignerObjectMap }
LogUtils.java, TRACE, ReportingManager{ Configuration{ C:\Workspace\CBF-2.5.6\Test\Sample1\Plan\ExcelConfig.xml } }|Reporter selected: |ScreenDumpManager{ {folderpath=, pattern=} }
LogUtils.java, TRACE, ReportingManager{ Configuration{ C:\Workspace\CBF-2.5.6\Test\Sample1\Plan\ExcelConfig.xml } }|Reporter selected: |HtmlEventReporter{ {detailsPath=, pattern=, summaryPath=} }
LogUtils.java, TRACE, ReportingManager{ Configuration{ C:\Workspace\CBF-2.5.6\Test\Sample1\Plan\ExcelConfig.xml } }|Reporter selected: |ExcelReporter{ C:\Workspace\CBF-2.5.6\Logs\ExecutedOn_31-08-2017_Time_09-13-24/ExecutionReport.xls }
LogUtils.java, TRACE, ReportingManager{ Configuration{ C:\Workspace\CBF-2.5.6\Test\Sample1\Plan\ExcelConfig.xml } }|Reporter selected: |ResultEventLogger{ C:\Workspace\CBF-2.5.6\Logs\ExecutedOn_31-08-2017_Time_09-13-24/Events.xml }
LogUtils.java, TRACE, ReportingManager{ Configuration{ C:\Workspace\CBF-2.5.6\Test\Sample1\Plan\ExcelConfig.xml } }|opened reporter: |ScreenDumpManager{ {folderpath=, pattern=} }
LogUtils.java, TRACE, ReportingManager{ Configuration{ C:\Workspace\CBF-2.5.6\Test\Sample1\Plan\ExcelConfig.xml } }|opened reporter: |HtmlEventReporter{ {detailsPath=, pattern=, summaryPath=} }
LogUtils.java, TRACE, ExcelReporter{ C:\Workspace\CBF-2.5.6\Logs\ExecutedOn_31-08-2017_Time_09-13-24/ExecutionReport.xls }|Report: open
LogUtils.java, TRACE, ReportingManager{ Configuration{ C:\Workspace\CBF-2.5.6\Test\Sample1\Plan\ExcelConfig.xml } }|opened reporter: |ExcelReporter{ C:\Workspace\CBF-2.5.6\Logs\ExecutedOn_31-08-2017_Time_09-13-24/ExecutionReport.xls }
LogUtils.java, TRACE, ResultEventLogger{ C:\Workspace\CBF-2.5.6\Logs\ExecutedOn_31-08-2017_Time_09-13-24/Events.xml }|Report: open
LogUtils.java, TRACE, ReportingManager{ Configuration{ C:\Workspace\CBF-2.5.6\Test\Sample1\Plan\ExcelConfig.xml } }|opened reporter: |ResultEventLogger{ C:\Workspace\CBF-2.5.6\Logs\ExecutedOn_31-08-2017_Time_09-13-24/Events.xml }
LogUtils.java, TRACE, ExcelReporter{ C:\Workspace\CBF-2.5.6\Logs\ExecutedOn_31-08-2017_Time_09-13-24/ExecutionReport.xls }|Report:START:TestResult{  }:CustomerPortal_AllOrders
LogUtils.java, TRACE, ResultEventLogger{ C:\Workspace\CBF-2.5.6\Logs\ExecutedOn_31-08-2017_Time_09-13-24/Events.xml }|Report:START:TestResult{  }:CustomerPortal_AllOrders
LogUtils.java, TRACE, TestSetRunner{ cbf.harness.Harness@34a245ab }|GetTestCase(), instanceMap
LogUtils.java, TRACE, ExcelAccess{ {enableStepSelection=true, folderpath=, enableIterationSelection=true} }|getTestCase()
LogUtils.java, TRACE, ExcelAccess{ {enableStepSelection=true, folderpath=, enableIterationSelection=true} }|DeserializeTest(CustomerPortal_AllOrders;C:\Workspace\CBF-2.5.6\Test\Sample1/Plan/TestCases/CustomerPortal_AllOrders.xls)
LogUtils.java, TRACE, ExcelAccess{ {folderpath=} }|SelectRows(CustomerPortal_AllOrders-LaunchApp-testdata1)
LogUtils.java, TRACE, ExcelAccess{ {folderpath=} }|TryFilePath(CustomerPortal_AllOrders-LaunchApp.xlsx)
LogUtils.java, TRACE, ExcelAccess{ {folderpath=} }|Data file LaunchApp.xlsx does not exists. |C:\Workspace\CBF-2.5.6\Test\Sample1/Plan/Data/CustomerPortal_AllOrders/LaunchApp.xlsx|Plan/Data/CustomerPortal_AllOrders
LogUtils.java, TRACE, ExcelAccess{ {folderpath=} }|TryFilePath(-CustomerPortal_AllOrdersData.xls)
LogUtils.java, TRACE, ExcelAccess{ {folderpath=} }|TryFilePath(-CustomerPortal_AllOrdersData.xls)=C:\Workspace\CBF-2.5.6\Test\Sample1/Plan/Data/CustomerPortal_AllOrdersData.xls
LogUtils.java, TRACE, ExcelAccess{ {folderpath=} }|SelectRows(CustomerPortal_AllOrders-References-)
LogUtils.java, TRACE, ExcelAccess{ {folderpath=} }|TryFilePath(CustomerPortal_AllOrders-References.xlsx)
LogUtils.java, TRACE, ExcelAccess{ {folderpath=} }|Data file References.xlsx does not exists. |C:\Workspace\CBF-2.5.6\Test\Sample1/Plan/Data/CustomerPortal_AllOrders/References.xlsx|Plan/Data/CustomerPortal_AllOrders
LogUtils.java, TRACE, ExcelAccess{ {folderpath=} }|TryFilePath(-CustomerPortal_AllOrdersData.xls)
LogUtils.java, TRACE, ExcelAccess{ {folderpath=} }|TryFilePath(-CustomerPortal_AllOrdersData.xls)=C:\Workspace\CBF-2.5.6\Test\Sample1/Plan/Data/CustomerPortal_AllOrdersData.xls
LogUtils.java, TRACE, ExcelDeserializer{ ExcelAccess{ {folderpath=} }DTAccess{ C:\Workspace\CBF-2.5.6\Test\Sample1/Plan/TestCases/CustomerPortal_AllOrders.xls }CustomerPortal_AllOrdersC:\Workspace\CBF-2.5.6\Test\Sample1/Plan/TestCases/CustomerPortal_AllOrders.xls{enableStepSelection=true, folderpath=, enableIterationSelection=true} }|Step added:{ moduleCode = CustomerPortal_AllOrders ; offlineRowId = testdata1 ; componentCode = LaunchApp ; stepName = LaunchApp ; abortTestIfUnexpected =  ; inlineRowId =  ; _selectYN = Yes ; parameters =  }:#0
LogUtils.java, TRACE, ExcelAccess{ {folderpath=} }|SelectRows(CustomerPortal_AllOrders-SelectProduct-testdata1)
LogUtils.java, TRACE, ExcelAccess{ {folderpath=} }|TryFilePath(CustomerPortal_AllOrders-SelectProduct.xlsx)
LogUtils.java, TRACE, ExcelAccess{ {folderpath=} }|Data file SelectProduct.xlsx does not exists. |C:\Workspace\CBF-2.5.6\Test\Sample1/Plan/Data/CustomerPortal_AllOrders/SelectProduct.xlsx|Plan/Data/CustomerPortal_AllOrders
LogUtils.java, TRACE, ExcelAccess{ {folderpath=} }|TryFilePath(-CustomerPortal_AllOrdersData.xls)
LogUtils.java, TRACE, ExcelAccess{ {folderpath=} }|TryFilePath(-CustomerPortal_AllOrdersData.xls)=C:\Workspace\CBF-2.5.6\Test\Sample1/Plan/Data/CustomerPortal_AllOrdersData.xls
LogUtils.java, TRACE, ExcelDeserializer{ ExcelAccess{ {folderpath=} }DTAccess{ C:\Workspace\CBF-2.5.6\Test\Sample1/Plan/TestCases/CustomerPortal_AllOrders.xls }CustomerPortal_AllOrdersC:\Workspace\CBF-2.5.6\Test\Sample1/Plan/TestCases/CustomerPortal_AllOrders.xls{enableStepSelection=true, folderpath=, enableIterationSelection=true} }|Step added:{ moduleCode = CustomerPortal_AllOrders ; offlineRowId = testdata1 ; componentCode = SelectProduct ; stepName = SelectProduct ; abortTestIfUnexpected =  ; inlineRowId =  ; _selectYN = Yes ; parameters =  }:#0
LogUtils.java, TRACE, ExcelAccess{ {folderpath=} }|SelectRows(CustomerPortal_AllOrders-AddressDetails-testdata1)
LogUtils.java, TRACE, ExcelAccess{ {folderpath=} }|TryFilePath(CustomerPortal_AllOrders-AddressDetails.xlsx)
LogUtils.java, TRACE, ExcelAccess{ {folderpath=} }|Data file AddressDetails.xlsx does not exists. |C:\Workspace\CBF-2.5.6\Test\Sample1/Plan/Data/CustomerPortal_AllOrders/AddressDetails.xlsx|Plan/Data/CustomerPortal_AllOrders
LogUtils.java, TRACE, ExcelAccess{ {folderpath=} }|TryFilePath(-CustomerPortal_AllOrdersData.xls)
LogUtils.java, TRACE, ExcelAccess{ {folderpath=} }|TryFilePath(-CustomerPortal_AllOrdersData.xls)=C:\Workspace\CBF-2.5.6\Test\Sample1/Plan/Data/CustomerPortal_AllOrdersData.xls
LogUtils.java, TRACE, ExcelDeserializer{ ExcelAccess{ {folderpath=} }DTAccess{ C:\Workspace\CBF-2.5.6\Test\Sample1/Plan/TestCases/CustomerPortal_AllOrders.xls }CustomerPortal_AllOrdersC:\Workspace\CBF-2.5.6\Test\Sample1/Plan/TestCases/CustomerPortal_AllOrders.xls{enableStepSelection=true, folderpath=, enableIterationSelection=true} }|Step added:{ moduleCode = CustomerPortal_AllOrders ; offlineRowId = testdata1 ; componentCode = AddressDetails ; stepName = AddressDetails ; abortTestIfUnexpected =  ; inlineRowId =  ; _selectYN = Yes ; parameters =  }:#0
LogUtils.java, TRACE, ExcelAccess{ {folderpath=} }|SelectRows(CustomerPortal_AllOrders-PersonalDetails-testdata1)
LogUtils.java, TRACE, ExcelAccess{ {folderpath=} }|TryFilePath(CustomerPortal_AllOrders-PersonalDetails.xlsx)
LogUtils.java, TRACE, ExcelAccess{ {folderpath=} }|Data file PersonalDetails.xlsx does not exists. |C:\Workspace\CBF-2.5.6\Test\Sample1/Plan/Data/CustomerPortal_AllOrders/PersonalDetails.xlsx|Plan/Data/CustomerPortal_AllOrders
LogUtils.java, TRACE, ExcelAccess{ {folderpath=} }|TryFilePath(-CustomerPortal_AllOrdersData.xls)
LogUtils.java, TRACE, ExcelAccess{ {folderpath=} }|TryFilePath(-CustomerPortal_AllOrdersData.xls)=C:\Workspace\CBF-2.5.6\Test\Sample1/Plan/Data/CustomerPortal_AllOrdersData.xls
LogUtils.java, TRACE, ExcelDeserializer{ ExcelAccess{ {folderpath=} }DTAccess{ C:\Workspace\CBF-2.5.6\Test\Sample1/Plan/TestCases/CustomerPortal_AllOrders.xls }CustomerPortal_AllOrdersC:\Workspace\CBF-2.5.6\Test\Sample1/Plan/TestCases/CustomerPortal_AllOrders.xls{enableStepSelection=true, folderpath=, enableIterationSelection=true} }|Step added:{ moduleCode = CustomerPortal_AllOrders ; offlineRowId = testdata1 ; componentCode = PersonalDetails ; stepName = PersonalDetails ; abortTestIfUnexpected =  ; inlineRowId =  ; _selectYN = Yes ; parameters =  }:#0
LogUtils.java, TRACE, ExcelAccess{ {folderpath=} }|SelectRows(CustomerPortal_AllOrders-AppointmentAndOrderCompletion-testdata1)
LogUtils.java, TRACE, ExcelAccess{ {folderpath=} }|TryFilePath(CustomerPortal_AllOrders-AppointmentAndOrderCompletion.xlsx)
LogUtils.java, TRACE, ExcelAccess{ {folderpath=} }|Data file AppointmentAndOrderCompletion.xlsx does not exists. |C:\Workspace\CBF-2.5.6\Test\Sample1/Plan/Data/CustomerPortal_AllOrders/AppointmentAndOrderCompletion.xlsx|Plan/Data/CustomerPortal_AllOrders
LogUtils.java, TRACE, ExcelAccess{ {folderpath=} }|TryFilePath(-CustomerPortal_AllOrdersData.xls)
LogUtils.java, TRACE, ExcelAccess{ {folderpath=} }|TryFilePath(-CustomerPortal_AllOrdersData.xls)=C:\Workspace\CBF-2.5.6\Test\Sample1/Plan/Data/CustomerPortal_AllOrdersData.xls
LogUtils.java, TRACE, ExcelDeserializer{ ExcelAccess{ {folderpath=} }DTAccess{ C:\Workspace\CBF-2.5.6\Test\Sample1/Plan/TestCases/CustomerPortal_AllOrders.xls }CustomerPortal_AllOrdersC:\Workspace\CBF-2.5.6\Test\Sample1/Plan/TestCases/CustomerPortal_AllOrders.xls{enableStepSelection=true, folderpath=, enableIterationSelection=true} }|Step added:{ moduleCode = CustomerPortal_AllOrders ; offlineRowId = testdata1 ; componentCode = AppointmentAndOrderCompletion ; stepName = AppointmentAndOrderCompletion ; abortTestIfUnexpected =  ; inlineRowId =  ; _selectYN = Yes ; parameters =  }:#0
LogUtils.java,  INFO, TestResultTracker{ [ScreenDumpManager{ {folderpath=, pattern=} }, HtmlEventReporter{ {detailsPath=, pattern=, summaryPath=} }, ExcelReporter{ C:\Workspace\CBF-2.5.6\Logs\ExecutedOn_31-08-2017_Time_09-13-24/ExecutionReport.xls }, ResultEventLogger{ C:\Workspace\CBF-2.5.6\Logs\ExecutedOn_31-08-2017_Time_09-13-24/Events.xml }] }|START : runTest
LogUtils.java, TRACE, TestSetRunner{ cbf.harness.Harness@34a245ab }|GetTestCase(), instanceMap
LogUtils.java, TRACE, ExcelAccess{ {enableStepSelection=true, folderpath=, enableIterationSelection=true} }|getTestCase()
LogUtils.java, TRACE, ExcelAccess{ {enableStepSelection=true, folderpath=, enableIterationSelection=true} }|DeserializeTest(CustomerPortal_AllOrders;C:\Workspace\CBF-2.5.6\Test\Sample1/Plan/TestCases/CustomerPortal_AllOrders.xls)
LogUtils.java, TRACE, ExcelAccess{ {folderpath=} }|SelectRows(CustomerPortal_AllOrders-LaunchApp-testdata1)
LogUtils.java, TRACE, ExcelAccess{ {folderpath=} }|TryFilePath(CustomerPortal_AllOrders-LaunchApp.xlsx)
LogUtils.java, TRACE, ExcelAccess{ {folderpath=} }|Data file LaunchApp.xlsx does not exists. |C:\Workspace\CBF-2.5.6\Test\Sample1/Plan/Data/CustomerPortal_AllOrders/LaunchApp.xlsx|Plan/Data/CustomerPortal_AllOrders
LogUtils.java, TRACE, ExcelAccess{ {folderpath=} }|TryFilePath(-CustomerPortal_AllOrdersData.xls)
LogUtils.java, TRACE, ExcelAccess{ {folderpath=} }|TryFilePath(-CustomerPortal_AllOrdersData.xls)=C:\Workspace\CBF-2.5.6\Test\Sample1/Plan/Data/CustomerPortal_AllOrdersData.xls
LogUtils.java, TRACE, ExcelAccess{ {folderpath=} }|SelectRows(CustomerPortal_AllOrders-References-)
LogUtils.java, TRACE, ExcelAccess{ {folderpath=} }|TryFilePath(CustomerPortal_AllOrders-References.xlsx)
LogUtils.java, TRACE, ExcelAccess{ {folderpath=} }|Data file References.xlsx does not exists. |C:\Workspace\CBF-2.5.6\Test\Sample1/Plan/Data/CustomerPortal_AllOrders/References.xlsx|Plan/Data/CustomerPortal_AllOrders
LogUtils.java, TRACE, ExcelAccess{ {folderpath=} }|TryFilePath(-CustomerPortal_AllOrdersData.xls)
LogUtils.java, TRACE, ExcelAccess{ {folderpath=} }|TryFilePath(-CustomerPortal_AllOrdersData.xls)=C:\Workspace\CBF-2.5.6\Test\Sample1/Plan/Data/CustomerPortal_AllOrdersData.xls
LogUtils.java, TRACE, ExcelDeserializer{ ExcelAccess{ {folderpath=} }DTAccess{ C:\Workspace\CBF-2.5.6\Test\Sample1/Plan/TestCases/CustomerPortal_AllOrders.xls }CustomerPortal_AllOrdersC:\Workspace\CBF-2.5.6\Test\Sample1/Plan/TestCases/CustomerPortal_AllOrders.xls{enableStepSelection=true, folderpath=, enableIterationSelection=true} }|Step added:{ moduleCode = CustomerPortal_AllOrders ; offlineRowId = testdata1 ; componentCode = LaunchApp ; stepName = LaunchApp ; abortTestIfUnexpected =  ; inlineRowId =  ; _selectYN = Yes ; parameters =  }:#0
LogUtils.java, TRACE, ExcelAccess{ {folderpath=} }|SelectRows(CustomerPortal_AllOrders-SelectProduct-testdata1)
LogUtils.java, TRACE, ExcelAccess{ {folderpath=} }|TryFilePath(CustomerPortal_AllOrders-SelectProduct.xlsx)
LogUtils.java, TRACE, ExcelAccess{ {folderpath=} }|Data file SelectProduct.xlsx does not exists. |C:\Workspace\CBF-2.5.6\Test\Sample1/Plan/Data/CustomerPortal_AllOrders/SelectProduct.xlsx|Plan/Data/CustomerPortal_AllOrders
LogUtils.java, TRACE, ExcelAccess{ {folderpath=} }|TryFilePath(-CustomerPortal_AllOrdersData.xls)
LogUtils.java, TRACE, ExcelAccess{ {folderpath=} }|TryFilePath(-CustomerPortal_AllOrdersData.xls)=C:\Workspace\CBF-2.5.6\Test\Sample1/Plan/Data/CustomerPortal_AllOrdersData.xls
LogUtils.java, TRACE, ExcelDeserializer{ ExcelAccess{ {folderpath=} }DTAccess{ C:\Workspace\CBF-2.5.6\Test\Sample1/Plan/TestCases/CustomerPortal_AllOrders.xls }CustomerPortal_AllOrdersC:\Workspace\CBF-2.5.6\Test\Sample1/Plan/TestCases/CustomerPortal_AllOrders.xls{enableStepSelection=true, folderpath=, enableIterationSelection=true} }|Step added:{ moduleCode = CustomerPortal_AllOrders ; offlineRowId = testdata1 ; componentCode = SelectProduct ; stepName = SelectProduct ; abortTestIfUnexpected =  ; inlineRowId =  ; _selectYN = Yes ; parameters =  }:#0
LogUtils.java, TRACE, ExcelAccess{ {folderpath=} }|SelectRows(CustomerPortal_AllOrders-AddressDetails-testdata1)
LogUtils.java, TRACE, ExcelAccess{ {folderpath=} }|TryFilePath(CustomerPortal_AllOrders-AddressDetails.xlsx)
LogUtils.java, TRACE, ExcelAccess{ {folderpath=} }|Data file AddressDetails.xlsx does not exists. |C:\Workspace\CBF-2.5.6\Test\Sample1/Plan/Data/CustomerPortal_AllOrders/AddressDetails.xlsx|Plan/Data/CustomerPortal_AllOrders
LogUtils.java, TRACE, ExcelAccess{ {folderpath=} }|TryFilePath(-CustomerPortal_AllOrdersData.xls)
LogUtils.java, TRACE, ExcelAccess{ {folderpath=} }|TryFilePath(-CustomerPortal_AllOrdersData.xls)=C:\Workspace\CBF-2.5.6\Test\Sample1/Plan/Data/CustomerPortal_AllOrdersData.xls
LogUtils.java, TRACE, ExcelDeserializer{ ExcelAccess{ {folderpath=} }DTAccess{ C:\Workspace\CBF-2.5.6\Test\Sample1/Plan/TestCases/CustomerPortal_AllOrders.xls }CustomerPortal_AllOrdersC:\Workspace\CBF-2.5.6\Test\Sample1/Plan/TestCases/CustomerPortal_AllOrders.xls{enableStepSelection=true, folderpath=, enableIterationSelection=true} }|Step added:{ moduleCode = CustomerPortal_AllOrders ; offlineRowId = testdata1 ; componentCode = AddressDetails ; stepName = AddressDetails ; abortTestIfUnexpected =  ; inlineRowId =  ; _selectYN = Yes ; parameters =  }:#0
LogUtils.java, TRACE, ExcelAccess{ {folderpath=} }|SelectRows(CustomerPortal_AllOrders-PersonalDetails-testdata1)
LogUtils.java, TRACE, ExcelAccess{ {folderpath=} }|TryFilePath(CustomerPortal_AllOrders-PersonalDetails.xlsx)
LogUtils.java, TRACE, ExcelAccess{ {folderpath=} }|Data file PersonalDetails.xlsx does not exists. |C:\Workspace\CBF-2.5.6\Test\Sample1/Plan/Data/CustomerPortal_AllOrders/PersonalDetails.xlsx|Plan/Data/CustomerPortal_AllOrders
LogUtils.java, TRACE, ExcelAccess{ {folderpath=} }|TryFilePath(-CustomerPortal_AllOrdersData.xls)
LogUtils.java, TRACE, ExcelAccess{ {folderpath=} }|TryFilePath(-CustomerPortal_AllOrdersData.xls)=C:\Workspace\CBF-2.5.6\Test\Sample1/Plan/Data/CustomerPortal_AllOrdersData.xls
LogUtils.java, TRACE, ExcelDeserializer{ ExcelAccess{ {folderpath=} }DTAccess{ C:\Workspace\CBF-2.5.6\Test\Sample1/Plan/TestCases/CustomerPortal_AllOrders.xls }CustomerPortal_AllOrdersC:\Workspace\CBF-2.5.6\Test\Sample1/Plan/TestCases/CustomerPortal_AllOrders.xls{enableStepSelection=true, folderpath=, enableIterationSelection=true} }|Step added:{ moduleCode = CustomerPortal_AllOrders ; offlineRowId = testdata1 ; componentCode = PersonalDetails ; stepName = PersonalDetails ; abortTestIfUnexpected =  ; inlineRowId =  ; _selectYN = Yes ; parameters =  }:#0
LogUtils.java, TRACE, ExcelAccess{ {folderpath=} }|SelectRows(CustomerPortal_AllOrders-AppointmentAndOrderCompletion-testdata1)
LogUtils.java, TRACE, ExcelAccess{ {folderpath=} }|TryFilePath(CustomerPortal_AllOrders-AppointmentAndOrderCompletion.xlsx)
LogUtils.java, TRACE, ExcelAccess{ {folderpath=} }|Data file AppointmentAndOrderCompletion.xlsx does not exists. |C:\Workspace\CBF-2.5.6\Test\Sample1/Plan/Data/CustomerPortal_AllOrders/AppointmentAndOrderCompletion.xlsx|Plan/Data/CustomerPortal_AllOrders
LogUtils.java, TRACE, ExcelAccess{ {folderpath=} }|TryFilePath(-CustomerPortal_AllOrdersData.xls)
LogUtils.java, TRACE, ExcelAccess{ {folderpath=} }|TryFilePath(-CustomerPortal_AllOrdersData.xls)=C:\Workspace\CBF-2.5.6\Test\Sample1/Plan/Data/CustomerPortal_AllOrdersData.xls
LogUtils.java, TRACE, ExcelDeserializer{ ExcelAccess{ {folderpath=} }DTAccess{ C:\Workspace\CBF-2.5.6\Test\Sample1/Plan/TestCases/CustomerPortal_AllOrders.xls }CustomerPortal_AllOrdersC:\Workspace\CBF-2.5.6\Test\Sample1/Plan/TestCases/CustomerPortal_AllOrders.xls{enableStepSelection=true, folderpath=, enableIterationSelection=true} }|Step added:{ moduleCode = CustomerPortal_AllOrders ; offlineRowId = testdata1 ; componentCode = AppointmentAndOrderCompletion ; stepName = AppointmentAndOrderCompletion ; abortTestIfUnexpected =  ; inlineRowId =  ; _selectYN = Yes ; parameters =  }:#0
LogUtils.java, TRACE, ExcelReporter{ C:\Workspace\CBF-2.5.6\Logs\ExecutedOn_31-08-2017_Time_09-13-24/ExecutionReport.xls }|Report:START:TestResult{  }:cbf.testAccess.ExcelDeserializer$2@7ba18f1b
LogUtils.java, TRACE, ResultEventLogger{ C:\Workspace\CBF-2.5.6\Logs\ExecutedOn_31-08-2017_Time_09-13-24/Events.xml }|Report:START:TestResult{  }:cbf.testAccess.ExcelDeserializer$2@7ba18f1b
LogUtils.java,  INFO, TestResultTracker{ [ScreenDumpManager{ {folderpath=, pattern=} }, HtmlEventReporter{ {detailsPath=, pattern=, summaryPath=} }, ExcelReporter{ C:\Workspace\CBF-2.5.6\Logs\ExecutedOn_31-08-2017_Time_09-13-24/ExecutionReport.xls }, ResultEventLogger{ C:\Workspace\CBF-2.5.6\Logs\ExecutedOn_31-08-2017_Time_09-13-24/Events.xml }, cbf.harness.ParameterAccess@41ee392b] }|START : run
LogUtils.java, TRACE, ExcelReporter{ C:\Workspace\CBF-2.5.6\Logs\ExecutedOn_31-08-2017_Time_09-13-24/ExecutionReport.xls }|Report:START:TestResult{  }:cbf.testAccess.ExcelDeserializer$3@1e67a849
LogUtils.java, TRACE, ResultEventLogger{ C:\Workspace\CBF-2.5.6\Logs\ExecutedOn_31-08-2017_Time_09-13-24/Events.xml }|Report:START:TestResult{  }:cbf.testAccess.ExcelDeserializer$3@1e67a849
LogUtils.java,  INFO, TestResultTracker{ [ScreenDumpManager{ {folderpath=, pattern=} }, HtmlEventReporter{ {detailsPath=, pattern=, summaryPath=} }, ExcelReporter{ C:\Workspace\CBF-2.5.6\Logs\ExecutedOn_31-08-2017_Time_09-13-24/ExecutionReport.xls }, ResultEventLogger{ C:\Workspace\CBF-2.5.6\Logs\ExecutedOn_31-08-2017_Time_09-13-24/Events.xml }, cbf.harness.ParameterAccess@41ee392b] }|START : track
LogUtils.java, TRACE, ExcelReporter{ C:\Workspace\CBF-2.5.6\Logs\ExecutedOn_31-08-2017_Time_09-13-24/ExecutionReport.xls }|Report:START:TestResult{  }:cbf.testAccess.ExcelDeserializer$3@1e67a849
LogUtils.java, TRACE, ResultEventLogger{ C:\Workspace\CBF-2.5.6\Logs\ExecutedOn_31-08-2017_Time_09-13-24/Events.xml }|Report:START:TestResult{  }:cbf.testAccess.ExcelDeserializer$3@1e67a849
LogUtils.java,  INFO, TestResultTracker{ [ScreenDumpManager{ {folderpath=, pattern=} }, HtmlEventReporter{ {detailsPath=, pattern=, summaryPath=} }, ExcelReporter{ C:\Workspace\CBF-2.5.6\Logs\ExecutedOn_31-08-2017_Time_09-13-24/ExecutionReport.xls }, ResultEventLogger{ C:\Workspace\CBF-2.5.6\Logs\ExecutedOn_31-08-2017_Time_09-13-24/Events.xml }, cbf.harness.ParameterAccess@41ee392b] }|START : track
LogUtils.java, TRACE, TestCaseRunner{ ModuleDrivers.CompositeAppDriver@36f0f1beTestResultTracker{ [ScreenDumpManager{ {folderpath=, pattern=} }, HtmlEventReporter{ {detailsPath=, pattern=, summaryPath=} }, ExcelReporter{ C:\Workspace\CBF-2.5.6\Logs\ExecutedOn_31-08-2017_Time_09-13-24/ExecutionReport.xls }, ResultEventLogger{ C:\Workspace\CBF-2.5.6\Logs\ExecutedOn_31-08-2017_Time_09-13-24/Events.xml }, cbf.harness.ParameterAccess@41ee392b] } }|performComponent()
LogUtils.java, TRACE, TestCaseRunner{ ModuleDrivers.CompositeAppDriver@36f0f1beTestResultTracker{ [ScreenDumpManager{ {folderpath=, pattern=} }, HtmlEventReporter{ {detailsPath=, pattern=, summaryPath=} }, ExcelReporter{ C:\Workspace\CBF-2.5.6\Logs\ExecutedOn_31-08-2017_Time_09-13-24/ExecutionReport.xls }, ResultEventLogger{ C:\Workspace\CBF-2.5.6\Logs\ExecutedOn_31-08-2017_Time_09-13-24/Events.xml }, cbf.harness.ParameterAccess@41ee392b] } }|appdriver.perform( CustomerPortal_AllOrders_LaunchApp_{ _rowId = testdata1 ; environment = EVE ; MAEndPoint = https://eve-myaccount-bsssit.trio-2.nec.talkdev.co.uk/ ; pageName =  ; SalesEndPoint = https://eve-sales-bssaip.trio-2.nec.talkdev.co.uk/sales-api/ ; url = https://sales.gen7.talkdev.co.uk/feature/master/test } ) 
LogUtils.java, TRACE, ModuleDrivers.CustomerPortal_AllOrdersDriver@6ee12bac|Executing.............LaunchApp with parameters DataRow{ _rowId = testdata1;environment = EVE;MAEndPoint = https://eve-myaccount-bsssit.trio-2.nec.talkdev.co.uk/;pageName = ;SalesEndPoint = https://eve-sales-bssaip.trio-2.nec.talkdev.co.uk/sales-api/;url = https://sales.gen7.talkdev.co.uk/feature/master/test; }
LogUtils.java, ERROR, ModuleDrivers.CustomerPortal_AllOrdersDriver@6ee12bac|Error: Error in invoking component |LaunchApp| |java.lang.reflect.InvocationTargetException
LogUtils.java,  INFO, TestResultTracker{ [ScreenDumpManager{ {folderpath=, pattern=} }, HtmlEventReporter{ {detailsPath=, pattern=, summaryPath=} }, ExcelReporter{ C:\Workspace\CBF-2.5.6\Logs\ExecutedOn_31-08-2017_Time_09-13-24/ExecutionReport.xls }, ResultEventLogger{ C:\Workspace\CBF-2.5.6\Logs\ExecutedOn_31-08-2017_Time_09-13-24/Events.xml }, cbf.harness.ParameterAccess@41ee392b] }|FINISH : track STATUS : ERROR
LogUtils.java, TRACE, ExcelReporter{ C:\Workspace\CBF-2.5.6\Logs\ExecutedOn_31-08-2017_Time_09-13-24/ExecutionReport.xls }|Report:FINISH:TestResult{  }:ERROR
LogUtils.java, TRACE, ResultEventLogger{ C:\Workspace\CBF-2.5.6\Logs\ExecutedOn_31-08-2017_Time_09-13-24/Events.xml }|Report:FINISH:TestResult{  }:ERROR
LogUtils.java, TRACE, TestResultTracker{ [ScreenDumpManager{ {folderpath=, pattern=} }, HtmlEventReporter{ {detailsPath=, pattern=, summaryPath=} }, ExcelReporter{ C:\Workspace\CBF-2.5.6\Logs\ExecutedOn_31-08-2017_Time_09-13-24/ExecutionReport.xls }, ResultEventLogger{ C:\Workspace\CBF-2.5.6\Logs\ExecutedOn_31-08-2017_Time_09-13-24/Events.xml }, cbf.harness.ParameterAccess@41ee392b] }|Report Event: type:WARNING:details:{ actual =  and execution continued despite unexpected result in component ; expected =  ; name =  ; screenDump = true }
LogUtils.java, TRACE, ScreenDumpManager{ {folderpath=, pattern=} }|Report log
LogUtils.java, TRACE, ExcelReporter{ C:\Workspace\CBF-2.5.6\Logs\ExecutedOn_31-08-2017_Time_09-13-24/ExecutionReport.xls }|Report:DETAILS:TestResult{  }:{ actual =  and execution continued despite unexpected result in component , expected =  , name =  , screenDump = true }
LogUtils.java, TRACE, ResultEventLogger{ C:\Workspace\CBF-2.5.6\Logs\ExecutedOn_31-08-2017_Time_09-13-24/Events.xml }|Report:DETAILS:TestResult{  }:{ actual =  and execution continued despite unexpected result in component , expected =  , name =  , screenDump = true }
LogUtils.java,  INFO, TestResultTracker{ [ScreenDumpManager{ {folderpath=, pattern=} }, HtmlEventReporter{ {detailsPath=, pattern=, summaryPath=} }, ExcelReporter{ C:\Workspace\CBF-2.5.6\Logs\ExecutedOn_31-08-2017_Time_09-13-24/ExecutionReport.xls }, ResultEventLogger{ C:\Workspace\CBF-2.5.6\Logs\ExecutedOn_31-08-2017_Time_09-13-24/Events.xml }, cbf.harness.ParameterAccess@41ee392b] }|FINISH : track STATUS : WARNING
LogUtils.java, TRACE, ExcelReporter{ C:\Workspace\CBF-2.5.6\Logs\ExecutedOn_31-08-2017_Time_09-13-24/ExecutionReport.xls }|Report:FINISH:TestResult{  }:WARNING
LogUtils.java, TRACE, ExcelReporter{ C:\Workspace\CBF-2.5.6\Logs\ExecutedOn_31-08-2017_Time_09-13-24/ExecutionReport.xls }|Do not clear cell content as cell has formula
LogUtils.java, TRACE, ResultEventLogger{ C:\Workspace\CBF-2.5.6\Logs\ExecutedOn_31-08-2017_Time_09-13-24/Events.xml }|Report:FINISH:TestResult{  }:WARNING
LogUtils.java, TRACE, ExcelReporter{ C:\Workspace\CBF-2.5.6\Logs\ExecutedOn_31-08-2017_Time_09-13-24/ExecutionReport.xls }|Report:START:TestResult{  }:cbf.testAccess.ExcelDeserializer$3@4ef74c30
LogUtils.java, TRACE, ResultEventLogger{ C:\Workspace\CBF-2.5.6\Logs\ExecutedOn_31-08-2017_Time_09-13-24/Events.xml }|Report:START:TestResult{  }:cbf.testAccess.ExcelDeserializer$3@4ef74c30
LogUtils.java,  INFO, TestResultTracker{ [ScreenDumpManager{ {folderpath=, pattern=} }, HtmlEventReporter{ {detailsPath=, pattern=, summaryPath=} }, ExcelReporter{ C:\Workspace\CBF-2.5.6\Logs\ExecutedOn_31-08-2017_Time_09-13-24/ExecutionReport.xls }, ResultEventLogger{ C:\Workspace\CBF-2.5.6\Logs\ExecutedOn_31-08-2017_Time_09-13-24/Events.xml }, cbf.harness.ParameterAccess@41ee392b] }|START : track
LogUtils.java, TRACE, ExcelReporter{ C:\Workspace\CBF-2.5.6\Logs\ExecutedOn_31-08-2017_Time_09-13-24/ExecutionReport.xls }|Report:START:TestResult{  }:cbf.testAccess.ExcelDeserializer$3@4ef74c30
LogUtils.java, TRACE, ResultEventLogger{ C:\Workspace\CBF-2.5.6\Logs\ExecutedOn_31-08-2017_Time_09-13-24/Events.xml }|Report:START:TestResult{  }:cbf.testAccess.ExcelDeserializer$3@4ef74c30
LogUtils.java,  INFO, TestResultTracker{ [ScreenDumpManager{ {folderpath=, pattern=} }, HtmlEventReporter{ {detailsPath=, pattern=, summaryPath=} }, ExcelReporter{ C:\Workspace\CBF-2.5.6\Logs\ExecutedOn_31-08-2017_Time_09-13-24/ExecutionReport.xls }, ResultEventLogger{ C:\Workspace\CBF-2.5.6\Logs\ExecutedOn_31-08-2017_Time_09-13-24/Events.xml }, cbf.harness.ParameterAccess@41ee392b] }|START : track
LogUtils.java, TRACE, TestCaseRunner{ ModuleDrivers.CompositeAppDriver@36f0f1beTestResultTracker{ [ScreenDumpManager{ {folderpath=, pattern=} }, HtmlEventReporter{ {detailsPath=, pattern=, summaryPath=} }, ExcelReporter{ C:\Workspace\CBF-2.5.6\Logs\ExecutedOn_31-08-2017_Time_09-13-24/ExecutionReport.xls }, ResultEventLogger{ C:\Workspace\CBF-2.5.6\Logs\ExecutedOn_31-08-2017_Time_09-13-24/Events.xml }, cbf.harness.ParameterAccess@41ee392b] } }|performComponent()
LogUtils.java, TRACE, TestCaseRunner{ ModuleDrivers.CompositeAppDriver@36f0f1beTestResultTracker{ [ScreenDumpManager{ {folderpath=, pattern=} }, HtmlEventReporter{ {detailsPath=, pattern=, summaryPath=} }, ExcelReporter{ C:\Workspace\CBF-2.5.6\Logs\ExecutedOn_31-08-2017_Time_09-13-24/ExecutionReport.xls }, ResultEventLogger{ C:\Workspace\CBF-2.5.6\Logs\ExecutedOn_31-08-2017_Time_09-13-24/Events.xml }, cbf.harness.ParameterAccess@41ee392b] } }|appdriver.perform( CustomerPortal_AllOrders_SelectProduct_{ _rowId = testdata1 ; Speed = 76Mb ; Product = Fast ; TVType = TV Box ; Channel = Sky Cinema And Sky Sports } ) 
LogUtils.java, TRACE, ModuleDrivers.CustomerPortal_AllOrdersDriver@6ee12bac|Executing.............SelectProduct with parameters DataRow{ _rowId = testdata1;Speed = 76Mb;Product = Fast;TVType = TV Box;Channel = Sky Cinema And Sky Sports; }
LogUtils.java, ERROR, ModuleDrivers.CustomerPortal_AllOrdersDriver@6ee12bac|Error: Error in invoking component |SelectProduct| |java.lang.reflect.InvocationTargetException
LogUtils.java,  INFO, TestResultTracker{ [ScreenDumpManager{ {folderpath=, pattern=} }, HtmlEventReporter{ {detailsPath=, pattern=, summaryPath=} }, ExcelReporter{ C:\Workspace\CBF-2.5.6\Logs\ExecutedOn_31-08-2017_Time_09-13-24/ExecutionReport.xls }, ResultEventLogger{ C:\Workspace\CBF-2.5.6\Logs\ExecutedOn_31-08-2017_Time_09-13-24/Events.xml }, cbf.harness.ParameterAccess@41ee392b] }|FINISH : track STATUS : ERROR
LogUtils.java, TRACE, ExcelReporter{ C:\Workspace\CBF-2.5.6\Logs\ExecutedOn_31-08-2017_Time_09-13-24/ExecutionReport.xls }|Report:FINISH:TestResult{  }:ERROR
LogUtils.java, TRACE, ResultEventLogger{ C:\Workspace\CBF-2.5.6\Logs\ExecutedOn_31-08-2017_Time_09-13-24/Events.xml }|Report:FINISH:TestResult{  }:ERROR
LogUtils.java, TRACE, TestResultTracker{ [ScreenDumpManager{ {folderpath=, pattern=} }, HtmlEventReporter{ {detailsPath=, pattern=, summaryPath=} }, ExcelReporter{ C:\Workspace\CBF-2.5.6\Logs\ExecutedOn_31-08-2017_Time_09-13-24/ExecutionReport.xls }, ResultEventLogger{ C:\Workspace\CBF-2.5.6\Logs\ExecutedOn_31-08-2017_Time_09-13-24/Events.xml }, cbf.harness.ParameterAccess@41ee392b] }|Report Event: type:WARNING:details:{ actual =  and execution continued despite unexpected result in component ; expected =  ; name =  ; screenDump = true }
LogUtils.java, TRACE, ScreenDumpManager{ {folderpath=, pattern=} }|Report log
LogUtils.java, TRACE, ExcelReporter{ C:\Workspace\CBF-2.5.6\Logs\ExecutedOn_31-08-2017_Time_09-13-24/ExecutionReport.xls }|Report:DETAILS:TestResult{  }:{ actual =  and execution continued despite unexpected result in component , expected =  , name =  , screenDump = true }
LogUtils.java, TRACE, ResultEventLogger{ C:\Workspace\CBF-2.5.6\Logs\ExecutedOn_31-08-2017_Time_09-13-24/Events.xml }|Report:DETAILS:TestResult{  }:{ actual =  and execution continued despite unexpected result in component , expected =  , name =  , screenDump = true }
LogUtils.java,  INFO, TestResultTracker{ [ScreenDumpManager{ {folderpath=, pattern=} }, HtmlEventReporter{ {detailsPath=, pattern=, summaryPath=} }, ExcelReporter{ C:\Workspace\CBF-2.5.6\Logs\ExecutedOn_31-08-2017_Time_09-13-24/ExecutionReport.xls }, ResultEventLogger{ C:\Workspace\CBF-2.5.6\Logs\ExecutedOn_31-08-2017_Time_09-13-24/Events.xml }, cbf.harness.ParameterAccess@41ee392b] }|FINISH : track STATUS : WARNING
LogUtils.java, TRACE, ExcelReporter{ C:\Workspace\CBF-2.5.6\Logs\ExecutedOn_31-08-2017_Time_09-13-24/ExecutionReport.xls }|Report:FINISH:TestResult{  }:WARNING
LogUtils.java, TRACE, ExcelReporter{ C:\Workspace\CBF-2.5.6\Logs\ExecutedOn_31-08-2017_Time_09-13-24/ExecutionReport.xls }|Do not clear cell content as cell has formula
LogUtils.java, TRACE, ResultEventLogger{ C:\Workspace\CBF-2.5.6\Logs\ExecutedOn_31-08-2017_Time_09-13-24/Events.xml }|Report:FINISH:TestResult{  }:WARNING
LogUtils.java, TRACE, ExcelReporter{ C:\Workspace\CBF-2.5.6\Logs\ExecutedOn_31-08-2017_Time_09-13-24/ExecutionReport.xls }|Report:START:TestResult{  }:cbf.testAccess.ExcelDeserializer$3@4bff7da0
LogUtils.java, TRACE, ResultEventLogger{ C:\Workspace\CBF-2.5.6\Logs\ExecutedOn_31-08-2017_Time_09-13-24/Events.xml }|Report:START:TestResult{  }:cbf.testAccess.ExcelDeserializer$3@4bff7da0
LogUtils.java,  INFO, TestResultTracker{ [ScreenDumpManager{ {folderpath=, pattern=} }, HtmlEventReporter{ {detailsPath=, pattern=, summaryPath=} }, ExcelReporter{ C:\Workspace\CBF-2.5.6\Logs\ExecutedOn_31-08-2017_Time_09-13-24/ExecutionReport.xls }, ResultEventLogger{ C:\Workspace\CBF-2.5.6\Logs\ExecutedOn_31-08-2017_Time_09-13-24/Events.xml }, cbf.harness.ParameterAccess@41ee392b] }|START : track
LogUtils.java, TRACE, ExcelReporter{ C:\Workspace\CBF-2.5.6\Logs\ExecutedOn_31-08-2017_Time_09-13-24/ExecutionReport.xls }|Report:START:TestResult{  }:cbf.testAccess.ExcelDeserializer$3@4bff7da0
LogUtils.java, TRACE, ResultEventLogger{ C:\Workspace\CBF-2.5.6\Logs\ExecutedOn_31-08-2017_Time_09-13-24/Events.xml }|Report:START:TestResult{  }:cbf.testAccess.ExcelDeserializer$3@4bff7da0
LogUtils.java,  INFO, TestResultTracker{ [ScreenDumpManager{ {folderpath=, pattern=} }, HtmlEventReporter{ {detailsPath=, pattern=, summaryPath=} }, ExcelReporter{ C:\Workspace\CBF-2.5.6\Logs\ExecutedOn_31-08-2017_Time_09-13-24/ExecutionReport.xls }, ResultEventLogger{ C:\Workspace\CBF-2.5.6\Logs\ExecutedOn_31-08-2017_Time_09-13-24/Events.xml }, cbf.harness.ParameterAccess@41ee392b] }|START : track
LogUtils.java, TRACE, TestCaseRunner{ ModuleDrivers.CompositeAppDriver@36f0f1beTestResultTracker{ [ScreenDumpManager{ {folderpath=, pattern=} }, HtmlEventReporter{ {detailsPath=, pattern=, summaryPath=} }, ExcelReporter{ C:\Workspace\CBF-2.5.6\Logs\ExecutedOn_31-08-2017_Time_09-13-24/ExecutionReport.xls }, ResultEventLogger{ C:\Workspace\CBF-2.5.6\Logs\ExecutedOn_31-08-2017_Time_09-13-24/Events.xml }, cbf.harness.ParameterAccess@41ee392b] } }|performComponent()
LogUtils.java, TRACE, TestCaseRunner{ ModuleDrivers.CompositeAppDriver@36f0f1beTestResultTracker{ [ScreenDumpManager{ {folderpath=, pattern=} }, HtmlEventReporter{ {detailsPath=, pattern=, summaryPath=} }, ExcelReporter{ C:\Workspace\CBF-2.5.6\Logs\ExecutedOn_31-08-2017_Time_09-13-24/ExecutionReport.xls }, ResultEventLogger{ C:\Workspace\CBF-2.5.6\Logs\ExecutedOn_31-08-2017_Time_09-13-24/Events.xml }, cbf.harness.ParameterAccess@41ee392b] } }|appdriver.perform( CustomerPortal_AllOrders_AddressDetails_{ _rowId = testdata1 ; Line_type = New Line ; CurrentServiceProvider = Sky ; Address = Wells Tower; Flat 61; Rodney Close; Birmingham; B16 8RX ; PostCode = B16 8RX ; TelephoneNumber =  ; Address_Lived = more than 30 days } ) 
LogUtils.java, TRACE, ModuleDrivers.CustomerPortal_AllOrdersDriver@6ee12bac|Executing.............AddressDetails with parameters DataRow{ _rowId = testdata1;Line_type = New Line;CurrentServiceProvider = Sky;Address = Wells Tower, Flat 61, Rodney Close, Birmingham, B16 8RX;PostCode = B16 8RX;TelephoneNumber = ;Address_Lived = more than 30 days; }
LogUtils.java, ERROR, WebUIDriver{  }|Error: Failed to enter the data on the element |//*[@name='postcode' and @type='text']| |org.openqa.selenium.NoSuchElementException: no such element: Unable to locate element: {"method":"xpath","selector":"//*[@name='postcode' and @type='text']"}
  (Session info: chrome=60.0.3112.113)
  (Driver info: chromedriver=2.29.461591 (62ebf098771772160f391d75e589dc567915b233),platform=Windows NT 6.1.7601 SP1 x86_64) (WARNING: The server did not provide any stacktrace information)
Command duration or timeout: 44 milliseconds
For documentation on this error, please visit: http://seleniumhq.org/exceptions/no_such_element.html
Build info: version: '2.53.1', revision: 'a36b8b1', time: '2016-06-30 17:32:46'
System info: host: 'TTBHDWIN7-57', ip: '10.182.70.157', os.name: 'Windows 7', os.arch: 'amd64', os.version: '6.1', java.version: '1.8.0_131'
Driver info: org.openqa.selenium.chrome.ChromeDriver
Capabilities [{applicationCacheEnabled=false, rotatable=false, mobileEmulationEnabled=false, networkConnectionEnabled=false, chrome={chromedriverVersion=2.29.461591 (62ebf098771772160f391d75e589dc567915b233), userDataDir=C:\Users\VNARAY~1\AppData\Local\Temp\scoped_dir10316_10313}, takesHeapSnapshot=true, pageLoadStrategy=normal, databaseEnabled=false, handlesAlerts=true, hasTouchScreen=false, version=60.0.3112.113, platform=XP, browserConnectionEnabled=false, nativeEvents=true, acceptSslCerts=true, locationContextEnabled=true, webStorageEnabled=true, browserName=chrome, takesScreenshot=true, javascriptEnabled=true, cssSelectorsEnabled=true, unexpectedAlertBehaviour=}]
Session ID: 59b677ccd9c7abb6cfe4bd03480d38ad
*** Element info: {Using=xpath, value=//*[@name='postcode' and @type='text']}
LogUtils.java, ERROR, ModuleDrivers.CustomerPortal_AllOrdersDriver@6ee12bac|Error: Error in invoking component |AddressDetails| |java.lang.reflect.InvocationTargetException
LogUtils.java,  INFO, TestResultTracker{ [ScreenDumpManager{ {folderpath=, pattern=} }, HtmlEventReporter{ {detailsPath=, pattern=, summaryPath=} }, ExcelReporter{ C:\Workspace\CBF-2.5.6\Logs\ExecutedOn_31-08-2017_Time_09-13-24/ExecutionReport.xls }, ResultEventLogger{ C:\Workspace\CBF-2.5.6\Logs\ExecutedOn_31-08-2017_Time_09-13-24/Events.xml }, cbf.harness.ParameterAccess@41ee392b] }|FINISH : track STATUS : ERROR
LogUtils.java, TRACE, ExcelReporter{ C:\Workspace\CBF-2.5.6\Logs\ExecutedOn_31-08-2017_Time_09-13-24/ExecutionReport.xls }|Report:FINISH:TestResult{  }:ERROR
LogUtils.java, TRACE, ResultEventLogger{ C:\Workspace\CBF-2.5.6\Logs\ExecutedOn_31-08-2017_Time_09-13-24/Events.xml }|Report:FINISH:TestResult{  }:ERROR
LogUtils.java, TRACE, TestResultTracker{ [ScreenDumpManager{ {folderpath=, pattern=} }, HtmlEventReporter{ {detailsPath=, pattern=, summaryPath=} }, ExcelReporter{ C:\Workspace\CBF-2.5.6\Logs\ExecutedOn_31-08-2017_Time_09-13-24/ExecutionReport.xls }, ResultEventLogger{ C:\Workspace\CBF-2.5.6\Logs\ExecutedOn_31-08-2017_Time_09-13-24/Events.xml }, cbf.harness.ParameterAccess@41ee392b] }|Report Event: type:WARNING:details:{ actual =  and execution continued despite unexpected result in component ; expected =  ; name =  ; screenDump = true }
LogUtils.java, TRACE, ScreenDumpManager{ {folderpath=, pattern=} }|Report log
LogUtils.java, TRACE, ExcelReporter{ C:\Workspace\CBF-2.5.6\Logs\ExecutedOn_31-08-2017_Time_09-13-24/ExecutionReport.xls }|Report:DETAILS:TestResult{  }:{ actual =  and execution continued despite unexpected result in component , expected =  , name =  , screenDump = true }
LogUtils.java, TRACE, ResultEventLogger{ C:\Workspace\CBF-2.5.6\Logs\ExecutedOn_31-08-2017_Time_09-13-24/Events.xml }|Report:DETAILS:TestResult{  }:{ actual =  and execution continued despite unexpected result in component , expected =  , name =  , screenDump = true }
LogUtils.java,  INFO, TestResultTracker{ [ScreenDumpManager{ {folderpath=, pattern=} }, HtmlEventReporter{ {detailsPath=, pattern=, summaryPath=} }, ExcelReporter{ C:\Workspace\CBF-2.5.6\Logs\ExecutedOn_31-08-2017_Time_09-13-24/ExecutionReport.xls }, ResultEventLogger{ C:\Workspace\CBF-2.5.6\Logs\ExecutedOn_31-08-2017_Time_09-13-24/Events.xml }, cbf.harness.ParameterAccess@41ee392b] }|FINISH : track STATUS : WARNING
LogUtils.java, TRACE, ExcelReporter{ C:\Workspace\CBF-2.5.6\Logs\ExecutedOn_31-08-2017_Time_09-13-24/ExecutionReport.xls }|Report:FINISH:TestResult{  }:WARNING
LogUtils.java, TRACE, ExcelReporter{ C:\Workspace\CBF-2.5.6\Logs\ExecutedOn_31-08-2017_Time_09-13-24/ExecutionReport.xls }|Do not clear cell content as cell has formula
LogUtils.java, TRACE, ResultEventLogger{ C:\Workspace\CBF-2.5.6\Logs\ExecutedOn_31-08-2017_Time_09-13-24/Events.xml }|Report:FINISH:TestResult{  }:WARNING
LogUtils.java, TRACE, ExcelReporter{ C:\Workspace\CBF-2.5.6\Logs\ExecutedOn_31-08-2017_Time_09-13-24/ExecutionReport.xls }|Report:START:TestResult{  }:cbf.testAccess.ExcelDeserializer$3@33f676f6
LogUtils.java, TRACE, ResultEventLogger{ C:\Workspace\CBF-2.5.6\Logs\ExecutedOn_31-08-2017_Time_09-13-24/Events.xml }|Report:START:TestResult{  }:cbf.testAccess.ExcelDeserializer$3@33f676f6
LogUtils.java,  INFO, TestResultTracker{ [ScreenDumpManager{ {folderpath=, pattern=} }, HtmlEventReporter{ {detailsPath=, pattern=, summaryPath=} }, ExcelReporter{ C:\Workspace\CBF-2.5.6\Logs\ExecutedOn_31-08-2017_Time_09-13-24/ExecutionReport.xls }, ResultEventLogger{ C:\Workspace\CBF-2.5.6\Logs\ExecutedOn_31-08-2017_Time_09-13-24/Events.xml }, cbf.harness.ParameterAccess@41ee392b] }|START : track
LogUtils.java, TRACE, ExcelReporter{ C:\Workspace\CBF-2.5.6\Logs\ExecutedOn_31-08-2017_Time_09-13-24/ExecutionReport.xls }|Report:START:TestResult{  }:cbf.testAccess.ExcelDeserializer$3@33f676f6
LogUtils.java, TRACE, ResultEventLogger{ C:\Workspace\CBF-2.5.6\Logs\ExecutedOn_31-08-2017_Time_09-13-24/Events.xml }|Report:START:TestResult{  }:cbf.testAccess.ExcelDeserializer$3@33f676f6
LogUtils.java,  INFO, TestResultTracker{ [ScreenDumpManager{ {folderpath=, pattern=} }, HtmlEventReporter{ {detailsPath=, pattern=, summaryPath=} }, ExcelReporter{ C:\Workspace\CBF-2.5.6\Logs\ExecutedOn_31-08-2017_Time_09-13-24/ExecutionReport.xls }, ResultEventLogger{ C:\Workspace\CBF-2.5.6\Logs\ExecutedOn_31-08-2017_Time_09-13-24/Events.xml }, cbf.harness.ParameterAccess@41ee392b] }|START : track
LogUtils.java, TRACE, TestCaseRunner{ ModuleDrivers.CompositeAppDriver@36f0f1beTestResultTracker{ [ScreenDumpManager{ {folderpath=, pattern=} }, HtmlEventReporter{ {detailsPath=, pattern=, summaryPath=} }, ExcelReporter{ C:\Workspace\CBF-2.5.6\Logs\ExecutedOn_31-08-2017_Time_09-13-24/ExecutionReport.xls }, ResultEventLogger{ C:\Workspace\CBF-2.5.6\Logs\ExecutedOn_31-08-2017_Time_09-13-24/Events.xml }, cbf.harness.ParameterAccess@41ee392b] } }|performComponent()
LogUtils.java, TRACE, TestCaseRunner{ ModuleDrivers.CompositeAppDriver@36f0f1beTestResultTracker{ [ScreenDumpManager{ {folderpath=, pattern=} }, HtmlEventReporter{ {detailsPath=, pattern=, summaryPath=} }, ExcelReporter{ C:\Workspace\CBF-2.5.6\Logs\ExecutedOn_31-08-2017_Time_09-13-24/ExecutionReport.xls }, ResultEventLogger{ C:\Workspace\CBF-2.5.6\Logs\ExecutedOn_31-08-2017_Time_09-13-24/Events.xml }, cbf.harness.ParameterAccess@41ee392b] } }|appdriver.perform( CustomerPortal_AllOrders_PersonalDetails_{ MADetails_Pwd = TTA@123q ; _rowId = testdata1 ; PersonalDetails_Title = Mr ; MADetails_EmailID = test1991@email.com ; PersonalDetails_LName = Test Lname ; PersonalDetails_MobileNumber = 07896541230 ; PersonalDetails_FName = Test Fname ; MADetails_ConfirmEmailID = test1991@email.com ; MADetails_ConfirmPwd = TTA@123q } ) 
LogUtils.java, TRACE, ModuleDrivers.CustomerPortal_AllOrdersDriver@6ee12bac|Executing.............PersonalDetails with parameters DataRow{ MADetails_Pwd = TTA@123q;_rowId = testdata1;PersonalDetails_Title = Mr;MADetails_EmailID = test1991@email.com;PersonalDetails_LName = Test Lname;PersonalDetails_MobileNumber = 07896541230;PersonalDetails_FName = Test Fname;MADetails_ConfirmEmailID = test1991@email.com;MADetails_ConfirmPwd = TTA@123q; }
LogUtils.java, ERROR, WebUIDriver{  }|Error: Failed to select option from the list.|org.openqa.selenium.NoSuchElementException: no such element: Unable to locate element: {"method":"xpath","selector":"//*[@id="title-id"]"}
  (Session info: chrome=60.0.3112.113)
  (Driver info: chromedriver=2.29.461591 (62ebf098771772160f391d75e589dc567915b233),platform=Windows NT 6.1.7601 SP1 x86_64) (WARNING: The server did not provide any stacktrace information)
Command duration or timeout: 40 milliseconds
For documentation on this error, please visit: http://seleniumhq.org/exceptions/no_such_element.html
Build info: version: '2.53.1', revision: 'a36b8b1', time: '2016-06-30 17:32:46'
System info: host: 'TTBHDWIN7-57', ip: '10.182.70.157', os.name: 'Windows 7', os.arch: 'amd64', os.version: '6.1', java.version: '1.8.0_131'
Driver info: org.openqa.selenium.chrome.ChromeDriver
Capabilities [{applicationCacheEnabled=false, rotatable=false, mobileEmulationEnabled=false, networkConnectionEnabled=false, chrome={chromedriverVersion=2.29.461591 (62ebf098771772160f391d75e589dc567915b233), userDataDir=C:\Users\VNARAY~1\AppData\Local\Temp\scoped_dir10316_10313}, takesHeapSnapshot=true, pageLoadStrategy=normal, databaseEnabled=false, handlesAlerts=true, hasTouchScreen=false, version=60.0.3112.113, platform=XP, browserConnectionEnabled=false, nativeEvents=true, acceptSslCerts=true, locationContextEnabled=true, webStorageEnabled=true, browserName=chrome, takesScreenshot=true, javascriptEnabled=true, cssSelectorsEnabled=true, unexpectedAlertBehaviour=}]
Session ID: 59b677ccd9c7abb6cfe4bd03480d38ad
*** Element info: {Using=xpath, value=//*[@id="title-id"]}
LogUtils.java, ERROR, WebUIDriver{  }|Failed to select option from the list.|sun.reflect.NativeConstructorAccessorImpl.newInstance0(Native Method)sun.reflect.NativeConstructorAccessorImpl.newInstance(Unknown Source)sun.reflect.DelegatingConstructorAccessorImpl.newInstance(Unknown Source)java.lang.reflect.Constructor.newInstance(Unknown Source)org.openqa.selenium.remote.ErrorHandler.createThrowable(ErrorHandler.java:206)org.openqa.selenium.remote.ErrorHandler.throwIfResponseFailed(ErrorHandler.java:158)org.openqa.selenium.remote.RemoteWebDriver.execute(RemoteWebDriver.java:678)org.openqa.selenium.remote.RemoteWebDriver.findElement(RemoteWebDriver.java:363)org.openqa.selenium.remote.RemoteWebDriver.findElementByXPath(RemoteWebDriver.java:500)org.openqa.selenium.By$ByXPath.findElement(By.java:361)org.openqa.selenium.remote.RemoteWebDriver.findElement(RemoteWebDriver.java:355)cbfx.selenium.WebUIDriver.toSelectItemFromList(WebUIDriver.java:1491)ModuleDrivers.CustomerPortal_AllOrdersDriver.PersonalDetails(CustomerPortal_AllOrdersDriver.java:205)sun.reflect.NativeMethodAccessorImpl.invoke0(Native Method)sun.reflect.NativeMethodAccessorImpl.invoke(Unknown Source)sun.reflect.DelegatingMethodAccessorImpl.invoke(Unknown Source)java.lang.reflect.Method.invoke(Unknown Source)cbf.engine.BaseModuleDriver.invokeMethod(BaseModuleDriver.java:102)cbf.engine.BaseModuleDriver.eval(BaseModuleDriver.java:53)cbf.engine.BaseModuleDriver.perform(BaseModuleDriver.java:47)cbf.engine.BaseAppDriver.perform(BaseAppDriver.java:57)cbf.engine.TestCaseRunner.performComponent(TestCaseRunner.java:243)cbf.engine.TestCaseRunner.access$5(TestCaseRunner.java:234)cbf.engine.TestCaseRunner$4.run(TestCaseRunner.java:223)cbf.engine.TestResultTracker.track(TestResultTracker.java:135)cbf.engine.TestCaseRunner.runComponent(TestCaseRunner.java:218)cbf.engine.TestCaseRunner$3.run(TestCaseRunner.java:158)cbf.engine.TestResultTracker.track(TestResultTracker.java:135)cbf.engine.TestCaseRunner.runStep(TestCaseRunner.java:150)cbf.engine.TestCaseRunner$2.run(TestCaseRunner.java:130)cbf.engine.TestResultTracker.track(TestResultTracker.java:135)cbf.engine.TestCaseRunner.runIteration(TestCaseRunner.java:123)cbf.engine.TestCaseRunner.access$3(TestCaseRunner.java:122)cbf.engine.TestCaseRunner$1.run(TestCaseRunner.java:105)cbf.engine.TestResultTracker.track(TestResultTracker.java:135)cbf.engine.TestCaseRunner.runTestCase(TestCaseRunner.java:84)cbf.engine.Engine.runTestCase(Engine.java:41)cbf.harness.Harness.runTest(Harness.java:77)cbf.harness.TestSetRunner.runTestInstance(TestSetRunner.java:111)cbf.harness.TestSetRunner.runTestSet(TestSetRunner.java:80)cbf.harness.TestSetRunner.run(TestSetRunner.java:46)cbf.harness.Main.main(Main.java:47)
LogUtils.java, ERROR, ModuleDrivers.CustomerPortal_AllOrdersDriver@6ee12bac|Error: Error in invoking component |PersonalDetails| |java.lang.reflect.InvocationTargetException
LogUtils.java,  INFO, TestResultTracker{ [ScreenDumpManager{ {folderpath=, pattern=} }, HtmlEventReporter{ {detailsPath=, pattern=, summaryPath=} }, ExcelReporter{ C:\Workspace\CBF-2.5.6\Logs\ExecutedOn_31-08-2017_Time_09-13-24/ExecutionReport.xls }, ResultEventLogger{ C:\Workspace\CBF-2.5.6\Logs\ExecutedOn_31-08-2017_Time_09-13-24/Events.xml }, cbf.harness.ParameterAccess@41ee392b] }|FINISH : track STATUS : ERROR
LogUtils.java, TRACE, ExcelReporter{ C:\Workspace\CBF-2.5.6\Logs\ExecutedOn_31-08-2017_Time_09-13-24/ExecutionReport.xls }|Report:FINISH:TestResult{  }:ERROR
LogUtils.java, TRACE, ResultEventLogger{ C:\Workspace\CBF-2.5.6\Logs\ExecutedOn_31-08-2017_Time_09-13-24/Events.xml }|Report:FINISH:TestResult{  }:ERROR
LogUtils.java, TRACE, TestResultTracker{ [ScreenDumpManager{ {folderpath=, pattern=} }, HtmlEventReporter{ {detailsPath=, pattern=, summaryPath=} }, ExcelReporter{ C:\Workspace\CBF-2.5.6\Logs\ExecutedOn_31-08-2017_Time_09-13-24/ExecutionReport.xls }, ResultEventLogger{ C:\Workspace\CBF-2.5.6\Logs\ExecutedOn_31-08-2017_Time_09-13-24/Events.xml }, cbf.harness.ParameterAccess@41ee392b] }|Report Event: type:WARNING:details:{ actual =  and execution continued despite unexpected result in component ; expected =  ; name =  ; screenDump = true }
LogUtils.java, TRACE, ScreenDumpManager{ {folderpath=, pattern=} }|Report log
LogUtils.java, TRACE, ExcelReporter{ C:\Workspace\CBF-2.5.6\Logs\ExecutedOn_31-08-2017_Time_09-13-24/ExecutionReport.xls }|Report:DETAILS:TestResult{  }:{ actual =  and execution continued despite unexpected result in component , expected =  , name =  , screenDump = true }
LogUtils.java, TRACE, ResultEventLogger{ C:\Workspace\CBF-2.5.6\Logs\ExecutedOn_31-08-2017_Time_09-13-24/Events.xml }|Report:DETAILS:TestResult{  }:{ actual =  and execution continued despite unexpected result in component , expected =  , name =  , screenDump = true }
LogUtils.java,  INFO, TestResultTracker{ [ScreenDumpManager{ {folderpath=, pattern=} }, HtmlEventReporter{ {detailsPath=, pattern=, summaryPath=} }, ExcelReporter{ C:\Workspace\CBF-2.5.6\Logs\ExecutedOn_31-08-2017_Time_09-13-24/ExecutionReport.xls }, ResultEventLogger{ C:\Workspace\CBF-2.5.6\Logs\ExecutedOn_31-08-2017_Time_09-13-24/Events.xml }, cbf.harness.ParameterAccess@41ee392b] }|FINISH : track STATUS : WARNING
LogUtils.java, TRACE, ExcelReporter{ C:\Workspace\CBF-2.5.6\Logs\ExecutedOn_31-08-2017_Time_09-13-24/ExecutionReport.xls }|Report:FINISH:TestResult{  }:WARNING
LogUtils.java, TRACE, ExcelReporter{ C:\Workspace\CBF-2.5.6\Logs\ExecutedOn_31-08-2017_Time_09-13-24/ExecutionReport.xls }|Do not clear cell content as cell has formula
LogUtils.java, TRACE, ResultEventLogger{ C:\Workspace\CBF-2.5.6\Logs\ExecutedOn_31-08-2017_Time_09-13-24/Events.xml }|Report:FINISH:TestResult{  }:WARNING
LogUtils.java, TRACE, ExcelReporter{ C:\Workspace\CBF-2.5.6\Logs\ExecutedOn_31-08-2017_Time_09-13-24/ExecutionReport.xls }|Report:START:TestResult{  }:cbf.testAccess.ExcelDeserializer$3@264f218
LogUtils.java, TRACE, ResultEventLogger{ C:\Workspace\CBF-2.5.6\Logs\ExecutedOn_31-08-2017_Time_09-13-24/Events.xml }|Report:START:TestResult{  }:cbf.testAccess.ExcelDeserializer$3@264f218
LogUtils.java,  INFO, TestResultTracker{ [ScreenDumpManager{ {folderpath=, pattern=} }, HtmlEventReporter{ {detailsPath=, pattern=, summaryPath=} }, ExcelReporter{ C:\Workspace\CBF-2.5.6\Logs\ExecutedOn_31-08-2017_Time_09-13-24/ExecutionReport.xls }, ResultEventLogger{ C:\Workspace\CBF-2.5.6\Logs\ExecutedOn_31-08-2017_Time_09-13-24/Events.xml }, cbf.harness.ParameterAccess@41ee392b] }|START : track
LogUtils.java, TRACE, ExcelReporter{ C:\Workspace\CBF-2.5.6\Logs\ExecutedOn_31-08-2017_Time_09-13-24/ExecutionReport.xls }|Report:START:TestResult{  }:cbf.testAccess.ExcelDeserializer$3@264f218
LogUtils.java, TRACE, ResultEventLogger{ C:\Workspace\CBF-2.5.6\Logs\ExecutedOn_31-08-2017_Time_09-13-24/Events.xml }|Report:START:TestResult{  }:cbf.testAccess.ExcelDeserializer$3@264f218
LogUtils.java,  INFO, TestResultTracker{ [ScreenDumpManager{ {folderpath=, pattern=} }, HtmlEventReporter{ {detailsPath=, pattern=, summaryPath=} }, ExcelReporter{ C:\Workspace\CBF-2.5.6\Logs\ExecutedOn_31-08-2017_Time_09-13-24/ExecutionReport.xls }, ResultEventLogger{ C:\Workspace\CBF-2.5.6\Logs\ExecutedOn_31-08-2017_Time_09-13-24/Events.xml }, cbf.harness.ParameterAccess@41ee392b] }|START : track
LogUtils.java, TRACE, TestCaseRunner{ ModuleDrivers.CompositeAppDriver@36f0f1beTestResultTracker{ [ScreenDumpManager{ {folderpath=, pattern=} }, HtmlEventReporter{ {detailsPath=, pattern=, summaryPath=} }, ExcelReporter{ C:\Workspace\CBF-2.5.6\Logs\ExecutedOn_31-08-2017_Time_09-13-24/ExecutionReport.xls }, ResultEventLogger{ C:\Workspace\CBF-2.5.6\Logs\ExecutedOn_31-08-2017_Time_09-13-24/Events.xml }, cbf.harness.ParameterAccess@41ee392b] } }|performComponent()
LogUtils.java, TRACE, TestCaseRunner{ ModuleDrivers.CompositeAppDriver@36f0f1beTestResultTracker{ [ScreenDumpManager{ {folderpath=, pattern=} }, HtmlEventReporter{ {detailsPath=, pattern=, summaryPath=} }, ExcelReporter{ C:\Workspace\CBF-2.5.6\Logs\ExecutedOn_31-08-2017_Time_09-13-24/ExecutionReport.xls }, ResultEventLogger{ C:\Workspace\CBF-2.5.6\Logs\ExecutedOn_31-08-2017_Time_09-13-24/Events.xml }, cbf.harness.ParameterAccess@41ee392b] } }|appdriver.perform( CustomerPortal_AllOrders_AppointmentAndOrderCompletion_{ _rowId = testdata1 ; TVInstallationOption = Self ; SortCode = 070116 ; TVandBBLocation = Less than 3 metres apart ; AccountNumber = 45725631 } ) 
LogUtils.java, TRACE, ModuleDrivers.CustomerPortal_AllOrdersDriver@6ee12bac|Executing.............AppointmentAndOrderCompletion with parameters DataRow{ _rowId = testdata1;TVInstallationOption = Self;SortCode = 070116;TVandBBLocation = Less than 3 metres apart;AccountNumber = 45725631; }
LogUtils.java, ERROR, WebUIDriver{  }|Error: Failed to click on the element |//*[@id="left-col-sticky-basket-spacer"]/div[1]/installation/form/div[1]/section[1]/label[1]/span/span[2]| |org.openqa.selenium.NoSuchElementException: no such element: Unable to locate element: {"method":"xpath","selector":"//*[@id="left-col-sticky-basket-spacer"]/div[1]/installation/form/div[1]/section[1]/label[1]/span/span[2]"}
  (Session info: chrome=60.0.3112.113)
  (Driver info: chromedriver=2.29.461591 (62ebf098771772160f391d75e589dc567915b233),platform=Windows NT 6.1.7601 SP1 x86_64) (WARNING: The server did not provide any stacktrace information)
Command duration or timeout: 39 milliseconds
For documentation on this error, please visit: http://seleniumhq.org/exceptions/no_such_element.html
Build info: version: '2.53.1', revision: 'a36b8b1', time: '2016-06-30 17:32:46'
System info: host: 'TTBHDWIN7-57', ip: '10.182.70.157', os.name: 'Windows 7', os.arch: 'amd64', os.version: '6.1', java.version: '1.8.0_131'
Driver info: org.openqa.selenium.chrome.ChromeDriver
Capabilities [{applicationCacheEnabled=false, rotatable=false, mobileEmulationEnabled=false, networkConnectionEnabled=false, chrome={chromedriverVersion=2.29.461591 (62ebf098771772160f391d75e589dc567915b233), userDataDir=C:\Users\VNARAY~1\AppData\Local\Temp\scoped_dir10316_10313}, takesHeapSnapshot=true, pageLoadStrategy=normal, databaseEnabled=false, handlesAlerts=true, hasTouchScreen=false, version=60.0.3112.113, platform=XP, browserConnectionEnabled=false, nativeEvents=true, acceptSslCerts=true, locationContextEnabled=true, webStorageEnabled=true, browserName=chrome, takesScreenshot=true, javascriptEnabled=true, cssSelectorsEnabled=true, unexpectedAlertBehaviour=}]
Session ID: 59b677ccd9c7abb6cfe4bd03480d38ad
*** Element info: {Using=xpath, value=//*[@id="left-col-sticky-basket-spacer"]/div[1]/installation/form/div[1]/section[1]/label[1]/span/span[2]}
LogUtils.java, ERROR, ModuleDrivers.CustomerPortal_AllOrdersDriver@6ee12bac|Error: Error in invoking component |AppointmentAndOrderCompletion| |java.lang.reflect.InvocationTargetException
LogUtils.java,  INFO, TestResultTracker{ [ScreenDumpManager{ {folderpath=, pattern=} }, HtmlEventReporter{ {detailsPath=, pattern=, summaryPath=} }, ExcelReporter{ C:\Workspace\CBF-2.5.6\Logs\ExecutedOn_31-08-2017_Time_09-13-24/ExecutionReport.xls }, ResultEventLogger{ C:\Workspace\CBF-2.5.6\Logs\ExecutedOn_31-08-2017_Time_09-13-24/Events.xml }, cbf.harness.ParameterAccess@41ee392b] }|FINISH : track STATUS : ERROR
LogUtils.java, TRACE, ExcelReporter{ C:\Workspace\CBF-2.5.6\Logs\ExecutedOn_31-08-2017_Time_09-13-24/ExecutionReport.xls }|Report:FINISH:TestResult{  }:ERROR
LogUtils.java, TRACE, ResultEventLogger{ C:\Workspace\CBF-2.5.6\Logs\ExecutedOn_31-08-2017_Time_09-13-24/Events.xml }|Report:FINISH:TestResult{  }:ERROR
LogUtils.java, TRACE, TestResultTracker{ [ScreenDumpManager{ {folderpath=, pattern=} }, HtmlEventReporter{ {detailsPath=, pattern=, summaryPath=} }, ExcelReporter{ C:\Workspace\CBF-2.5.6\Logs\ExecutedOn_31-08-2017_Time_09-13-24/ExecutionReport.xls }, ResultEventLogger{ C:\Workspace\CBF-2.5.6\Logs\ExecutedOn_31-08-2017_Time_09-13-24/Events.xml }, cbf.harness.ParameterAccess@41ee392b] }|Report Event: type:WARNING:details:{ actual =  and execution continued despite unexpected result in component ; expected =  ; name =  ; screenDump = true }
LogUtils.java, TRACE, ScreenDumpManager{ {folderpath=, pattern=} }|Report log
LogUtils.java, TRACE, ExcelReporter{ C:\Workspace\CBF-2.5.6\Logs\ExecutedOn_31-08-2017_Time_09-13-24/ExecutionReport.xls }|Report:DETAILS:TestResult{  }:{ actual =  and execution continued despite unexpected result in component , expected =  , name =  , screenDump = true }
LogUtils.java, TRACE, ResultEventLogger{ C:\Workspace\CBF-2.5.6\Logs\ExecutedOn_31-08-2017_Time_09-13-24/Events.xml }|Report:DETAILS:TestResult{  }:{ actual =  and execution continued despite unexpected result in component , expected =  , name =  , screenDump = true }
LogUtils.java,  INFO, TestResultTracker{ [ScreenDumpManager{ {folderpath=, pattern=} }, HtmlEventReporter{ {detailsPath=, pattern=, summaryPath=} }, ExcelReporter{ C:\Workspace\CBF-2.5.6\Logs\ExecutedOn_31-08-2017_Time_09-13-24/ExecutionReport.xls }, ResultEventLogger{ C:\Workspace\CBF-2.5.6\Logs\ExecutedOn_31-08-2017_Time_09-13-24/Events.xml }, cbf.harness.ParameterAccess@41ee392b] }|FINISH : track STATUS : WARNING
LogUtils.java, TRACE, ExcelReporter{ C:\Workspace\CBF-2.5.6\Logs\ExecutedOn_31-08-2017_Time_09-13-24/ExecutionReport.xls }|Report:FINISH:TestResult{  }:WARNING
LogUtils.java, TRACE, ExcelReporter{ C:\Workspace\CBF-2.5.6\Logs\ExecutedOn_31-08-2017_Time_09-13-24/ExecutionReport.xls }|Do not clear cell content as cell has formula
LogUtils.java, TRACE, ResultEventLogger{ C:\Workspace\CBF-2.5.6\Logs\ExecutedOn_31-08-2017_Time_09-13-24/Events.xml }|Report:FINISH:TestResult{  }:WARNING
LogUtils.java,  INFO, TestResultTracker{ [ScreenDumpManager{ {folderpath=, pattern=} }, HtmlEventReporter{ {detailsPath=, pattern=, summaryPath=} }, ExcelReporter{ C:\Workspace\CBF-2.5.6\Logs\ExecutedOn_31-08-2017_Time_09-13-24/ExecutionReport.xls }, ResultEventLogger{ C:\Workspace\CBF-2.5.6\Logs\ExecutedOn_31-08-2017_Time_09-13-24/Events.xml }, cbf.harness.ParameterAccess@41ee392b] }|FINISH : run STATUS : ERROR
LogUtils.java, TRACE, ExcelReporter{ C:\Workspace\CBF-2.5.6\Logs\ExecutedOn_31-08-2017_Time_09-13-24/ExecutionReport.xls }|Report:FINISH:TestResult{  }:ERROR
LogUtils.java, TRACE, ExcelReporter{ C:\Workspace\CBF-2.5.6\Logs\ExecutedOn_31-08-2017_Time_09-13-24/ExecutionReport.xls }|Do not clear cell content as cell has formula
LogUtils.java, TRACE, ResultEventLogger{ C:\Workspace\CBF-2.5.6\Logs\ExecutedOn_31-08-2017_Time_09-13-24/Events.xml }|Report:FINISH:TestResult{  }:ERROR
LogUtils.java,  INFO, TestResultTracker{ [ScreenDumpManager{ {folderpath=, pattern=} }, HtmlEventReporter{ {detailsPath=, pattern=, summaryPath=} }, ExcelReporter{ C:\Workspace\CBF-2.5.6\Logs\ExecutedOn_31-08-2017_Time_09-13-24/ExecutionReport.xls }, ResultEventLogger{ C:\Workspace\CBF-2.5.6\Logs\ExecutedOn_31-08-2017_Time_09-13-24/Events.xml }, cbf.harness.ParameterAccess@41ee392b] }|FINISH : runTest STATUS : ERROR
LogUtils.java, TRACE, ExcelReporter{ C:\Workspace\CBF-2.5.6\Logs\ExecutedOn_31-08-2017_Time_09-13-24/ExecutionReport.xls }|Report:FINISH:TestResult{  }:ERROR
LogUtils.java, TRACE, ResultEventLogger{ C:\Workspace\CBF-2.5.6\Logs\ExecutedOn_31-08-2017_Time_09-13-24/Events.xml }|Report:FINISH:TestResult{  }:ERROR
